1000
-130417
886665
-696774
143789
-990409
555143
758707
-758908
545782
731013
379335
-7807
-336994
-440535
416342
442810
632471
4638
-834709
258391
933573
-148946
338158
-704358
306422
886136
814589
746109
-649225
-77686
-946993
-614842
-776316
891118
848761
-15920
-792103
942810
427132
-1951
-937645
-733354
-679332
-365571
-410156
-50817
-254196
328808
-944563
-409493
17310
-412082
883093
-779834
-968958
142221
966793
334899
-955967
298051
-850821
827655
-115737
-295382
-559666
607768
37226
561610
-724381
63289
-718642
-278876
479643
411079
300608
205646
-89980
3691
818192
-310418
566266
-294923
-449099
-908662
-885439
480340
-242017
605756
368992
-415811
-736189
632712
686021
-184893
-803377
-65298
-551156
34724
-308455
254834
452596
-194303
61127
-385744
521199
449193
599709
545697
-59495
-385023
982477
370488
804990
-338023
-219350
-979557
582402
671382
-865026
-718500
813921
-422337
271121
716770
355660
-186098
-598100
-592594
189360
132426
-984999
962056
-123989
-738831
-529382
-803056
-87165
-74366
361181
-356685
-485752
-616157
129212
-672373
-394655
372740
-243601
-781415
525228
354043
298075
-520801
-397973
-752722
705975
890009
-784599
-45816
-728842
511652
692556
-253257
-938623
-789537
717067
-262124
683502
-716868
-791514
637908
714198
-269974
-284279
-338865
13899
267784
-981519
-350008
-645919
34315
-501296
-115025
387122
-143167
-460223
-919830
-42781
-107282
-138809
-268777
-671477
-380915
186566
592772
-954900
468932
42779
437778
-953168
19371
768352
-791105
-860156
706899
-720041
534408
-841282
-527315
-548733
479555
-310399
482558
-914275
170413
-12844
-928917
92618
818183
680016
720157
814263
376189
196043
-316835
491384
-557438
71979
528163
-745430
-89655
648087
-675527
152355
-234758
-315201
56488
-960857
-145037
209517
747347
688776
-6671
-664407
-849451
-306984
698393
493399
-546367
472185
895484
-878881
-360199
256208
104252
931980
-995115
-663873
-310524
476493
-780031
752698
-53870
-922968
764978
-946722
-358609
-434017
-751080
316383
476188
-468408
805634
-558481
125990
-487998
604199
-641838
-876562
553904
397184
616231
450539
103617
-756821
970434
-367533
38890
381601
-10303
999135
202787
824387
-386451
-933440
-1982
242614
210195
403681
-706124
918469
342699
-47260
628671
-965990
749898
456175
240850
972653
839212
857628
433303
-716759
-836425
-614380
270762
-877689
-322763
-874055
-861302
-382759
-727923
-351971
-423179
-636794
-256965
549210
-988856
378176
767340
-316367
-828614
-918814
952738
78358
822580
-191197
-14272
-305829
-24304
710877
-102295
327421
434799
-218201
382552
541297
936566
-766022
122373
-276552
1445
-861801
379921
-238488
-601610
-579947
-159597
-536701
-903118
871137
-456244
854759
472680
179787
-480910
592764
664522
-963341
-55748
-70411
127853
-969369
-373020
-813371
-462536
593309
-698012
685013
790410
-507723
-658807
-977041
744169
606883
-186037
444705
-222273
600294
888404
199526
304209
442372
288851
354988
174277
-455986
-37108
-699978
596533
182840
249697
614491
-52487
-547279
-169
-754430
-651472
984435
745442
-132453
-991957
-62032
-292881
-226345
-404787
841978
-977359
-385996
-729923
792441
514480
308190
488228
-267001
-260752
-1671
600959
-576217
952766
-64484
-514475
205201
-804382
78140
-704850
511524
-229109
606624
-175434
768732
-890012
390925
395088
478138
-602822
-896489
-537888
16584
-257526
-977790
584627
-104860
-140959
805726
25447
-326979
451051
279085
-338585
419954
55876
-141433
956896
526970
-996647
831504
-750910
-798543
282433
-967903
756714
-905933
765601
-178391
673511
418246
-643415
769940
-938959
-331144
390010
-769330
-874432
257906
881139
412833
280295
932359
51445
995947
375409
-699338
811829
-661330
160793
-422794
901066
261326
-150237
780817
-555835
495188
28632
-172851
484210
-720207
-3422
-644800
556402
-681087
372446
-782530
-675199
-351417
-759751
108811
-850672
733340
-456307
521709
649243
-736789
975281
-468612
-481423
135855
-784461
135205
-758436
631309
838976
55711
-76560
-396632
-64832
98388
-937631
573776
-933488
466852
-757820
-35839
433711
607115
-415383
-543890
654457
-25441
202862
303889
232496
-555010
166347
57471
-581080
425617
272697
-967897
-297210
-23262
-179942
-275302
-335238
226460
12969
993308
872725
14097
890949
200283
27371
277393
968330
975881
634901
-161856
-362627
670830
-657359
-263461
-754294
815356
360990
-90872
300483
698536
-457238
-583234
-125971
-238544
438800
-273135
683568
445457
421878
375387
-506817
714145
-473783
-427013
-765460
373073
631744
-535806
-60423
-81398
715105
-955524
-631988
141771
-491096
-647169
731022
385830
33147
256527
-894123
87708
-84433
-71197
662105
884501
-386635
899695
552007
-165059
-416729
-73828
995398
677936
-622510
-315679
-947182
362479
-538523
-809021
309964
-863241
-803651
-653122
-826303
-664169
521670
814961
914559
-336704
447055
-952801
782956
-189396
-491250
-973714
-235960
-975559
-256944
778338
-166104
-650751
13957
-487796
-561575
288107
967221
854452
-943351
548713
-78657
-345937
-945402
937024
-137383
-475437
404801
-346819
912891
-423102
-692573
-963383
294348
42719
-236423
54237
431423
-653021
-355545
-61040
-282662
335932
-276372
301820
-133587
-796289
-714038
505309
720677
-347029
-275626
-607770
-674393
-428431
-568827
898400
720021
-313483
-329568
-813465
-762241
127418
-651762
-319759
506496
84492
812993
-415385
377608
-652137
380509
280097
69138
-205771
215959
765125
-473847
501335
997390
557316
768293
-146633
415890
-267783
86625
-705182
-953351
-29331
-455707
-371794
-658577
867556
-478271
-28723
952727
-24472
-21950
-657656
508599
257347
-324010
739854
389747
-864182
509933
-918426
681904
110109
-16874
-463889
-853024
211174
770196
-491908
106439
-196461
-308398
-143607
-967756
-710955
804900
998530
800341
198973
391148
215756
-721302
410789
78256
377199
-567740
-816317
777239
-685631
483428
620897
632721
-655097
559410
222780
-62639
-118917
781866
405700
-730288
-548073
802626
-622389
-116522
845264
481754
-937720
662781
-529470
-880046
456510
-981646
-63563
-244302
-887574
-469653
841328
283922
606271
-309208
455463
842007
221106
293517
979355
-426966
-606799
108372
961616
862638
-752379
41710
-510692
-931684
784603
-293827
383937
274352
847911
-771389
521311
-156458
833967
146539
195959
-750043
597859
-243402
842959
223488
-600661
192152
-851655
-294242
-352857
-839270
-684253
11838
97409
387389
33561
-447172
-883778
-602937
-59757
338908
249221
-228195
-947388
431468
210776
853550
224817
-901788
-948559
-125240
698768
-702092
405961
867432
745824
416831
392272
-763450
-557517
704030
-859698
433441
28298
662545
-264734
156913
-880161
-655402
287866
972331
-907914
919382
-196881
-884957
-84633
463591
585298
913932
817382
339135
483781
-891270
935090
814394
-382234
-874787
-650645
775054
997460
420351
-610803
-402648
207652
-9224
-612744
129989
-772035
-621496
266188
704474
143961
-429001
572607
946386
-589660
433182
-484757
-568309
-45333
974178
195070
-817176
288766
-143308
-165549
-511298
54685
-204823
591383
-463433
-957717
-935570
-690167
969215
-20804
-568445
-465086
889018
896518
-955961
583522
86752
916674
172423
708941
254588
381828
-855658
506911
-59737
-19801
-560035
-66487
636487
-589655
868641
-522740
624479
-718314
-559787
87000
447685
857734
705169
-727234
-213609
-136802
-838333
-569985
470790
-610452
944578
226099
-665940
-300472
-180347
-483933
-416065
-156045
604442
-808840
-314563
-741372
615350
-675523
256519
-702111
9611
41317
-589465
-189225
-856570
-276968
