10000
-569469
499942
268056
576969
-599750
134498
396819
686571
-815796
114135
125355
965465
-725288
418885
-696069
-289678
-123975
-137641
975943
-516331
-910252
-829720
-415974
735881
351371
-737421
-878654
-490012
-62112
-180917
-152770
-589490
-530189
-49038
-11114
-444023
-997158
-590712
414643
326753
773355
520662
-255254
-205844
-882818
602130
-577973
-854074
314553
411802
263202
662161
-339023
416880
827578
26654
550494
-716392
397449
422354
-901098
77980
261394
-506877
945748
-277148
-308383
693968
455142
-989380
-173131
-473801
407306
-879029
-576760
320443
604314
-452174
-391389
57444
-24878
-350336
681761
75718
-444471
144577
-306226
95769
-440407
-528978
-713822
-431894
-156662
939420
-452251
564298
256963
-706221
-649408
-385303
641727
124963
-638383
-521254
-596155
485097
-173005
-482932
573097
23039
227719
-572058
-740165
656337
-354019
351172
220473
913331
-154158
-807887
-997143
536939
935529
760511
-991076
-914859
681032
778700
774031
997066
-804752
914849
-842362
33436
235403
217263
210480
404772
928322
-533005
261415
89674
-339269
858908
476067
-396086
416241
-806960
-445988
938514
268622
-119695
969450
735004
22277
739651
924190
344879
-441639
668363
712795
588883
532257
-63549
493258
-251405
466355
988088
769548
305095
19094
-39280
-742775
515717
-552882
884475
69019
486973
384864
857223
922124
590265
-577535
889439
988474
-922119
495034
-123919
-925507
-532985
-282748
-728346
-823401
885189
-546084
375464
819463
411022
60906
-882842
-844261
-1867
-267003
183858
-772840
595486
246802
561736
-248963
208068
-605812
425992
261604
-948586
-8218
-164711
-654303
99310
484974
-845389
705985
-654117
-59938
-799656
-842724
378452
-262296
48934
-968123
-813297
-595579
-461960
-66497
953958
-477844
21458
-281396
198172
-983028
-891224
-73366
632331
505161
-627944
-490334
-868450
-86278
-641973
-73184
756705
505630
-247260
398818
-123868
448179
-846837
743929
477229
-585965
454546
-133674
-78232
174330
530378
283536
-672198
438233
104256
-635524
-153759
55889
-848268
6222
447225
-419969
-143329
945700
154716
432679
688381
-137974
836993
830702
256659
-216629
823985
276697
835763
-219339
352476
-509667
-169222
-282655
-449283
744937
207827
-50150
147214
492761
-337272
278821
-459328
104739
-736472
-496714
-34525
352696
-384936
-73366
-854902
-94330
827902
376991
-230978
-272531
-106019
-138203
-430657
-412649
-406990
-243379
-403434
80084
107342
-210299
911235
-920110
81020
83783
148316
-205535
875274
206084
315551
-853744
-319367
-487782
685525
-553758
595181
663557
463075
-331590
318989
24455
335186
-876426
779339
-973836
-198428
-979934
-438827
551471
-767870
685576
365337
845984
698308
619663
-56954
290363
-726188
474744
-557771
421251
-469622
128646
542324
11793
-767529
-342345
173404
139041
-219441
-543726
892223
-235018
-774323
987543
680039
-684436
-562923
-27728
-520452
-170016
-57307
-645898
-932274
283165
-608887
-371874
-810314
-716126
-624891
-879565
-513582
219751
502071
-677126
-345970
75929
619221
-583485
-758886
-557573
31934
-430335
-322279
-338206
646964
412374
-315044
189069
287946
-963215
634942
-904075
67335
-835451
-41800
255848
-338569
-969006
801742
-731449
680715
-273554
-340088
-684324
-726544
838709
636228
261052
-57761
-523812
-517775
-906369
305517
-241792
873145
-46374
-615547
-721448
-13181
-984941
978304
116161
-438961
-753466
-635747
201642
523869
536019
-321359
-789784
-545069
-642111
-709517
-271487
916912
127826
-307096
610552
752231
726484
-574100
-866183
-896296
76505
-450701
-691299
-331468
498074
-882032
-432585
977027
26146
-499308
-948538
646106
438148
-246244
-762549
949647
520001
516734
562381
740928
-289845
98304
630620
-827126
185636
453931
247641
293337
-344565
-462331
-846266
-704926
135490
-934955
522837
-903734
-903879
-4553
820306
558233
-597985
-768276
-451833
938136
389018
-311695
441011
-335168
106422
460711
-664335
-730447
449804
139235
419713
597179
-513851
-26577
511471
-89001
601141
-548283
-7290
175565
89018
-451818
-557371
-23421
886269
814267
244056
695905
-678798
-490872
943123
-932558
-322851
-676120
86980
-58727
885134
994152
-797575
568440
860953
-802690
353193
-617937
-116695
780986
151804
371148
745328
-135194
-765779
43459
-7978
665783
-818981
-351224
-316579
-739381
497993
-592910
-961320
674551
-824544
-263079
-968427
910692
-419859
-162503
883480
-133089
-870229
759490
608097
432701
684490
315329
-791336
53902
984100
-118890
112648
123128
520885
897325
-429488
777720
-828870
105186
861987
475425
-110214
-882950
-522963
433786
-589547
538851
-35672
669094
32362
469031
-139013
600205
792088
925608
-600711
45043
-936491
291131
-996049
-783183
-162220
-246439
-235296
-200517
-557167
671178
864131
685050
770420
590680
702468
-504894
603614
-714491
-475269
-839826
948464
-987054
-980829
532489
-36720
-865509
4157
191604
519016
-967660
-626593
481161
-555825
637494
-302705
342552
62030
660064
673849
-856065
-278183
-944815
402759
731728
866154
-467227
652671
-7193
454847
-756676
-175358
133641
-884139
-82732
-930579
-389724
-757593
837568
893303
682117
29340
-732527
476812
-33131
-485534
172993
-203630
-155401
-786531
403255
48738
653287
-613900
-483529
388302
-334747
-974728
-461307
147851
280466
790373
981252
535549
949875
81130
110792
704664
-721953
-265695
-328917
-241365
43148
35714
793662
845365
795956
-615302
323938
-494037
-192990
50920
-872180
662414
324362
136340
-973004
793886
329449
127005
174338
-756448
-602679
-378608
64025
509119
-498782
-490434
-433648
950484
-371198
56273
-716366
-708935
-682341
-342821
-442272
395447
954806
-623770
-162207
26901
-330811
246368
-930426
-700948
-781775
996666
-803377
63154
997263
751440
-137948
-667580
-586269
60513
-876317
542983
-552149
-432189
36401
983027
276620
401453
-428117
-429563
-934025
829148
475525
963242
390896
-639992
-509973
913019
-211996
546108
-964045
588006
-803871
-858666
372629
670067
-203528
-180153
749945
-204740
-193804
-496410
-728288
144764
-227066
745106
225843
-712571
113841
-767926
-986954
93151
122351
154621
-456848
907496
446344
-316549
369165
-888066
-214203
-266632
-415128
77512
909474
-111109
875918
107155
930226
694283
-515549
475117
-218153
691337
214267
-899962
-523099
-321696
-401400
430349
821739
291000
358593
-111172
956891
-551675
-894292
544237
-480072
-265265
477858
-46968
316355
-213
996807
662262
562902
-491846
870942
156357
-414588
-117643
435869
-112825
619836
965940
-441463
102213
273244
-252610
89680
533278
-35528
-207134
902101
324647
76079
-363031
476917
-347306
-108293
-593537
832123
-170442
215545
-561664
404615
514027
430706
-320372
-418760
-646541
-468871
486576
44998
-789819
-837619
-86589
-770109
315231
756531
278602
587919
-19370
-697603
937733
-335445
-798657
607813
-900477
15583
466231
-34411
996722
-856332
-805693
-465646
947722
-564669
-914069
912736
128464
718039
-40547
509720
467779
69342
-615918
819380
782729
-68160
-899699
716052
-991757
-812546
761354
830497
46708
562907
654390
-74778
37181
-907674
698232
121110
-354396
990064
325617
668872
536867
748907
490716
-257417
783937
-144147
262451
-340240
-666813
-552737
-387525
370304
566886
-780088
-638210
302617
354292
307773
-61686
232317
-343847
-482048
-938442
-361814
-690917
354487
427256
-742076
149935
-915716
-858921
167576
933865
-554669
558077
652415
797001
80350
800715
620576
-474942
-128148
-734665
904369
-361156
-492666
-354424
-532582
600168
-726970
662238
869370
-709210
51277
-712643
-271988
908062
-353735
877738
-856976
-690580
158364
-762899
-143940
-801130
550309
894192
-670508
-523526
-770193
-249092
-365957
-367451
-923024
-844284
-771087
134514
314565
888795
3606
-579540
-952493
-813202
135763
911499
692427
513184
-266129
-78419
376954
-307820
-505355
-912920
-822581
463910
-34306
451790
693488
-97200
801153
488556
288857
931855
-1333
-854476
388034
-325301
497306
-950699
574265
-857284
252228
-819013
-157924
-406398
588239
-931024
93363
-839608
908142
-788667
-398839
-662220
55921
-481902
-847620
147065
41532
24400
370838
530023
740885
-487031
67244
165655
-535624
848380
686630
-37681
267584
265044
-314079
229672
798100
-2732
-756825
466637
-501826
539984
402016
-112994
305998
-956115
-93181
-452379
-509650
74106
339825
-358186
-6435
579111
-439114
188596
231417
-166447
522645
504733
-172767
151958
459411
-117560
-234788
-794769
-829452
963821
360154
-384681
748354
-640882
195801
919709
18063
701668
94347
-487872
842696
785261
-5139
832628
-551771
-662217
284667
281750
-805026
255054
-196278
-305065
-890870
-671675
819672
-448181
410549
-184249
-218165
505719
654384
-759520
-492027
70126
349355
270562
595244
490230
-633514
791357
500785
-972082
899227
-400407
479161
-741820
437807
310178
-465965
-505601
-168537
298338
-728967
626034
-731017
988973
-803198
-703064
387805
25532
-921519
-160872
581561
-735395
389625
-536890
-547751
175628
-963369
289071
-465387
690856
291532
999051
536025
-839641
-41866
806568
-280950
676670
-951606
-499450
767324
379608
196219
-201854
830197
249639
631911
593853
418489
-561084
-115509
-592550
48238
416818
-227992
192412
867004
-286018
718322
276956
750225
-21236
355243
-689842
-487552
-597323
163421
-159873
-786838
763477
670620
826313
-159994
-587446
22644
-763994
518958
-388538
-673430
-932512
497341
401273
-55489
-685214
671320
-212158
-653209
-743380
-55754
591461
819044
-433563
-467922
572187
-453907
684979
875005
-163891
-945448
642363
-542216
574516
-348430
-96435
895254
-681454
-93303
-420091
-600292
-544574
391259
391224
329491
221220
-772251
213539
177397
-429196
-981595
-459430
962387
-646175
-236427
-994935
990093
415045
288253
605958
-896490
744709
640856
-190630
298246
-753554
-234208
-97793
321897
496752
928511
-120047
-718159
-7994
172988
-386443
367559
897859
36967
-86779
-520654
49961
-743439
-840813
-538248
627859
546277
-967620
-463021
739137
145415
595077
330713
352125
149342
-671082
643734
172109
485272
923604
178857
910809
724664
230312
41028
264833
-236415
-432659
542880
880145
228592
929992
-591638
-106301
-740978
836096
105264
732593
536014
-655473
804020
906033
-497321
-658659
271642
953354
259567
-548088
-38832
-388380
-991193
-279430
-802809
516392
937606
-792559
-763755
329937
411215
676654
456193
566808
-40811
-127838
-568120
-960068
-520395
-871275
504168
412001
-704691
634955
-816298
331370
318046
-738359
-501253
518546
-113074
-835009
500894
842952
-164419
-617576
-980638
-302383
-492450
50240
613064
-447589
796433
617524
-164692
55563
505572
-641270
545679
-53453
-580675
875402
-998699
-694402
-809674
545541
256343
-469407
-384147
-712568
-649422
762760
675668
-819266
-670029
597541
381742
-310186
-161419
-829382
-739917
-7707
48344
878471
675933
-215828
-525863
-118268
-604136
-894404
43295
497466
-565569
-480252
-925067
268171
280973
196970
-931717
288433
271897
143112
-436848
71135
-349520
206402
534741
-585271
925620
92765
573621
-315426
-256058
-151487
634266
899889
878569
758839
-371464
566058
-398936
-233315
385005
561499
759772
319070
-364485
-642113
781312
-874334
-610492
-856647
-324129
735329
885630
345353
834729
780553
115939
-810374
-8103
718224
-211790
31062
-300302
-100246
-375752
440950
-821131
611482
-4736
-669798
-977678
-237986
-990199
457074
733649
717796
190818
-158853
881183
-38720
417589
950550
-804879
166730
-736133
-958929
-343141
-156289
-892628
64330
346039
429542
-224529
-493617
848689
829012
249896
336369
357511
782561
564576
-221281
38724
89223
974598
623348
186327
-338359
30424
216767
584735
-726743
-473110
498094
-765365
130529
-880497
956418
-319107
342763
672442
-659063
275140
234019
-416912
-853338
46804
633182
-277551
-30802
738055
-276638
-534981
691956
359538
-546430
72160
-635025
799041
33048
908378
-597217
-713144
-949053
-952527
580789
189758
-200966
632805
264163
-602581
-22898
27888
336684
49425
691946
808788
56020
-51799
994112
177392
357166
-304770
409790
-134927
371245
871478
-87092
303763
404479
-929388
811756
542385
-354057
527817
985033
-221947
16318
984818
336954
342937
-755295
-674458
753987
-312573
-834736
692241
686851
997129
605594
-611128
910324
541751
-380350
828976
-310315
91496
-338414
-327088
-198625
-4104
-864580
-958392
-314280
548133
-211644
723294
850781
-46665
-319429
993799
-873298
-108411
589346
-925020
622434
-467391
745557
142079
60280
72289
-208691
-207799
990661
-500626
714276
471492
-283233
-163255
376692
-504799
853007
372219
-80742
-936419
-181831
379816
700799
835124
-828565
524754
296467
-838028
-580293
-473603
-166207
-215215
-767580
-343547
-538249
-767095
64714
831705
621346
902279
169896
653676
-626403
280728
637179
-76266
89447
-4946
851874
-489806
945000
742496
943632
-575648
177925
283290
435101
122556
-433871
-793396
-563323
-141253
-248187
563380
428152
-494768
204127
-252052
888535
658884
-812611
-286729
-913736
-40016
770764
-748188
-433324
265615
884802
329459
-511385
-929333
455129
384146
-125599
-309577
407640
232084
367057
-187281
-943437
896210
-350273
337609
711323
163528
866634
-864932
-924240
-567923
-569697
667319
281867
770519
-243028
-853566
777391
457644
-268518
-361757
661088
56964
-602384
-785611
944486
-978528
639121
-355459
298535
782133
47349
-622225
-575357
-989026
-266916
-956586
167339
787520
-152284
-46281
495307
-984005
-443335
-202115
239435
699899
904234
441768
-312626
-640198
-895343
767632
-584166
55873
-917981
-730401
-918183
-787824
101503
667868
-944958
444997
-486601
-434679
48679
-324920
216844
-928484
-625714
314333
737741
237768
597749
-737758
-897637
-757394
-194128
390183
644971
-543188
948317
151591
-349718
778596
-846434
256521
614128
-450747
909887
-342909
664065
314175
-47318
-140983
582151
-658302
333260
-731916
-36056
-479000
-821746
-700264
748104
411187
623687
-882943
35323
-541648
873793
-973042
-188404
-836054
402672
-834207
-927906
499018
277402
-524421
-324882
390230
907650
-776451
-355706
281547
-233895
-434159
460381
690239
352552
-115084
430579
724545
-73330
-915286
647867
-799995
410470
-580397
-675030
-18513
-751796
-68272
605634
-976233
-944569
317016
-159151
105873
-188269
387039
-628258
-302994
217509
214013
-674507
266489
-665995
-154993
799072
-615087
217150
350590
-361385
55270
-285152
790316
-990613
497913
362036
181506
-675872
477647
-612519
-446728
-871167
649670
-461615
-463412
279742
86227
121489
-720892
-849184
770533
-354503
46364
-567760
-616738
868426
-77306
245760
521501
714562
-774096
515867
772195
-104335
830107
403607
548076
-703740
580134
-474926
-976356
407629
488710
826461
885469
-905382
-757946
-766903
-886961
961980
947788
-326114
-586798
-273991
-156279
685794
191029
793227
443784
-787616
-533286
-355987
-869438
-819050
-54361
216301
302394
564233
34482
-485898
36741
920771
563545
830954
-691690
-52515
623578
63436
361564
-812138
-132017
-594151
322063
-151989
351247
-45792
-548495
-436565
-632702
346386
-318162
631491
-757734
-807688
972166
-205587
-955285
-182944
848383
319982
933459
177241
-956804
-205447
372533
-34183
869554
-694795
953558
-133910
375165
250713
-210425
305877
-273336
280984
331998
801719
-819146
310620
382882
-133899
266679
884158
431433
-198422
891226
319771
-341119
974572
-20046
-895522
24459
663746
-510664
272247
-194016
384376
805162
343916
-182231
726958
-947318
-864610
-662673
454168
277483
-224654
-243382
982663
-707244
644803
-542173
-655946
215026
367747
697270
347729
-410544
122973
918879
-72386
901747
671675
239478
-5252
323147
-301101
-507771
-718333
866751
249272
281114
-26032
-630207
853291
412031
575244
-37626
-230590
525701
289840
-668866
415399
899597
-875525
-796210
-561978
485327
-446080
-691591
-302638
-650018
305592
-963692
-354140
501685
156477
990375
-762520
93358
-775722
-427058
721962
967427
425644
-454621
-25638
-479391
610455
525708
-660313
980402
780906
339907
-26540
308216
408366
-282998
32419
983196
-215374
-891269
410258
47762
380080
-468711
-866246
101983
-480762
-982702
-73123
625657
175284
678229
422399
-137860
585743
819418
-655166
498329
-322557
158107
209690
-414480
226108
77331
-572396
107787
-55137
-461642
303748
-646485
242260
-786049
152945
-844154
444295
-223116
-467340
434316
-996598
-459289
-587885
918484
-729940
458387
523547
-908251
785112
378082
-672546
-403760
843699
331964
-420681
-457214
-323573
-717903
696358
336239
137911
-549651
880954
-137471
-363967
617403
42259
-589321
632406
487291
-17519
329671
698204
857068
-647909
-645855
386929
-623283
949312
829819
-574628
-597264
261070
97617
-570899
986797
787967
-622732
-17756
-797437
408042
225868
-4237
54650
42037
323421
-391646
-176439
-801755
-227113
724744
545815
242359
846902
982728
909902
562760
105934
-796994
-627736
-539706
644215
-605676
-332819
-964808
140764
-47487
799444
-323175
-346189
-279855
-452038
479383
273129
615775
-675868
-146369
543603
82321
-319288
-742701
-795749
127187
192108
10989
-448788
145932
-260316
-478471
-125678
883592
-533497
-701518
25003
-970403
685958
-414341
-950879
-396685
-476991
908730
-485595
385323
-926850
-602463
624249
531271
760041
-158004
778400
974630
548033
386079
-100926
-148145
-545505
697472
458573
367003
-704946
-760473
28157
-240097
176783
-98449
521354
-508500
-354085
-76695
-182697
385379
-548021
366546
396031
287205
502673
-507254
-764612
-501738
236818
678295
505997
-449221
589031
656465
607043
406123
-515860
-592510
-798054
-587216
-390881
-437860
620891
-736352
-74357
-941589
-729342
-895220
-864928
286549
-174403
900859
721061
-310173
658219
2
-863828
-891901
165442
-149974
-225131
51003
-218176
829571
765592
23401
501893
689424
517851
-147843
-64405
-114787
-501572
20613
330363
-276496
793482
552587
-201163
-842787
158080
835740
-735805
-925106
-414112
-580913
482850
-840963
982793
367818
-196913
-928968
491169
-606265
-481934
-746804
-863324
-307857
215305
-112478
339911
734190
-430217
-363743
-847767
153258
-484850
-755831
-635876
5500
-933208
-99264
-16187
706438
624398
-94209
-324726
577460
-176909
842814
-894011
977836
-948637
630161
642953
493027
412117
64596
27852
217294
358460
-474641
-351260
-189645
651971
-94457
-420199
-824910
-916585
251179
934237
-161413
-98462
886814
190437
116726
-536528
-223250
-169239
-11994
820529
361639
787533
97410
695351
-949927
279023
711790
-515763
-219828
812471
-89844
323715
-940604
-872162
884120
633563
-63300
-849368
-364187
622631
346839
-430772
-945412
-413912
-913690
-630082
-977059
-320775
-291846
-411533
673416
195429
-171861
816799
36376
-307477
-330498
-79258
92538
928606
609705
-268360
651250
449932
-650099
443258
-596530
-361159
74877
-994300
787528
447947
305305
444184
-42891
-638488
128010
91644
-698058
-945987
334976
-511655
202903
-609672
450257
995578
-748022
99098
574623
279370
673660
-404545
167769
-645963
599594
-623472
-17814
339248
16266
-28001
514790
-15292
529238
-709423
-225071
676652
-777725
688978
480480
-119500
575843
-724798
-595757
535360
-833128
-933934
-178095
121416
10048
-296350
-836216
-869605
-9805
856308
-212128
-675048
751111
-302232
659039
120844
-4976
582569
292456
-362674
405374
802914
997327
-422793
878889
-208086
166779
170330
332279
841881
422150
-856406
426964
-664258
837859
-613363
383056
-914841
982221
-264571
872596
-886741
884130
29953
-6386
612252
769594
804847
-655365
760893
-266234
-913994
32968
106280
561215
117095
-570880
849572
226177
843128
-483077
646432
-581404
241393
731346
-82504
-393701
-190499
-109370
842592
-15152
826343
-807319
693813
782920
-901258
-693458
785103
577907
-607746
219453
678514
894036
-680297
-413309
-202029
331811
543939
-549443
-41366
652158
-151646
44820
-607718
649822
713363
-156427
-225062
-774296
-779737
-551434
15647
134726
-766536
885698
-739140
-208436
348862
108946
-716213
923533
26954
-667250
771209
992384
-748393
375582
424232
216406
569346
541595
53218
-251642
320232
121795
747109
-882247
637210
111296
46644
933466
763262
-719546
971086
189850
574277
-827724
895962
-12575
-977526
-20993
226116
433213
791968
-997646
-386294
353213
381870
-91167
-52116
-72789
-870720
959373
-496216
-302431
-159152
-264877
992802
-684799
-512955
-216443
824763
-710741
-950475
525881
153771
-133245
908751
-34918
-635338
671174
-911265
-432647
281215
989223
958505
-488921
-831432
-696185
-785993
-459188
998015
887565
765012
82692
-397532
-704390
460779
189301
-724475
898798
972847
-633284
-116900
-851814
540124
-855652
-69563
761468
-311356
-78227
-978158
575151
10870
365613
357633
151404
-922334
-301943
531659
-771893
944767
-8860
-229992
727701
813258
377794
-871639
-572494
-535890
-576313
-233460
546443
915913
169944
-453891
-100342
728373
-120303
-192192
492434
-860720
70907
-542406
849565
-756532
757731
-746129
-318977
165046
-910423
528316
966163
992795
145756
-815140
-592232
-597280
-89866
-580112
480177
222523
-472398
-443781
-880778
568362
-466528
-337849
-501501
626511
772954
-693857
-316524
305688
708865
-668356
912176
408497
-172769
107788
-225640
-396014
831054
65299
239574
414946
442845
-216042
952307
-506906
-954282
-858521
917733
-753178
259379
-493538
995031
511886
107022
-38553
-395461
598165
435162
-704086
-977168
-437941
-225908
619230
-501052
32696
755642
-561799
-294693
-655628
692634
-155882
840656
309726
435196
571057
796379
-607035
18393
581699
-515989
-127980
-535390
-141802
102814
-828013
-284478
392047
640863
-853043
-440995
961717
421587
384330
213722
886850
-136528
265446
-314729
-860007
-157853
-47005
-60646
855194
135216
-46246
478058
-588386
-430736
527887
-964968
-888489
510796
-585350
-684842
-490278
-860088
905176
-823231
-413999
61068
922005
674123
586762
-172465
-945443
280414
-438737
174721
601981
-229474
-257464
703112
833011
-538209
-866256
-496582
386982
277316
455324
-307929
-496004
426011
481180
-179126
795845
-957700
-282984
-233633
-960349
998149
947704
238515
32780
267838
-763245
530721
-578230
-520468
685270
280223
-681230
58727
538941
727973
98825
-285308
96324
-542034
-240513
347565
-282585
203996
818119
559510
-369274
-389482
-128311
468729
775933
-298922
-984612
-224977
985910
-321933
341142
-515040
-447908
-2036
554858
-932617
-191221
-969560
298481
934943
527141
151640
831628
465662
27181
-761442
-517973
-51085
-288481
-144447
-691579
600911
663009
-328721
-208330
945367
274890
-947291
-985506
-531979
-236810
-906215
809818
687216
-645677
24813
700789
581593
362453
-377494
-481578
-473199
995897
-852616
-857285
54987
-52276
915885
-992499
93219
-334187
277917
-500630
140767
-296781
884027
419394
-690703
-383022
-803419
324574
787238
-880265
571631
-463717
-146247
724871
-269862
315434
414113
-496233
472927
-816082
372441
821910
572765
-809672
421910
-63668
-908139
-292054
-498464
-829918
523961
-765651
632829
964779
110443
838155
198684
112584
-607905
-611642
-193705
-897866
-358101
352916
-193756
-744724
766053
796225
865596
-100419
215618
518503
288545
-476920
-129889
-635840
-536258
-256298
869477
306441
-789448
-271363
188564
-971681
-286390
-540723
-361971
513502
423485
905536
325295
-524522
-942417
852848
390442
-948234
403086
-628900
988692
-688435
671820
387794
484242
364541
-956454
-203219
-951286
-581522
-69549
477808
414844
831515
929857
-815923
878727
-446675
-933665
148706
639375
936988
-587928
386903
-22041
737343
-124784
-395679
700103
436375
-715533
552572
919796
85682
832311
-694383
597977
-857575
-424779
673812
-330808
259094
754170
-997566
-564363
363752
745208
-809640
195688
88005
-565455
885169
-273205
-991997
-214205
-260810
-767842
-196042
-754738
-746431
907643
-369573
745207
-675841
475454
-359002
-323818
-252624
305156
-208170
-474108
10263
-521611
-355747
901225
-553342
-695743
241871
939042
779637
-536806
67547
855226
128263
-138137
-703039
-341503
-679463
-588499
-42454
-109443
427214
534320
-217531
-745929
154039
356766
144979
948720
771602
-849705
-511648
-604422
193661
-84706
394899
-882935
16341
-541141
304953
-161785
-200752
708390
-515840
407790
-902421
228962
513474
-907667
606287
-751613
-426681
287306
111585
-112697
708705
726614
945582
-390419
-710192
255324
346387
-552494
102095
-741022
459352
348386
301869
131874
384867
-999744
-593256
202289
-551033
916347
-620938
-693425
-422006
-398615
56050
-85197
-634522
-839371
316216
868819
339655
-420088
786155
121906
811608
212527
-61292
-451892
-39489
674490
17647
-247754
72823
-537192
6035
-131280
-775397
-393750
994668
338349
-300229
443362
224735
-965586
-967933
529772
-969993
-491280
252676
211005
680977
723189
-506536
55626
736089
-747855
105279
657425
-964788
762129
247433
371174
-323450
431308
-760386
847459
631768
-371493
751232
-613320
692599
912585
102199
649600
-501647
-857865
-706926
-378130
206110
9800
-443908
-364464
-899910
-548675
-611571
-491675
208774
583246
-303724
263756
-156991
885166
946148
244737
315838
-366582
-445288
361497
-534147
-95394
683577
-225363
726295
-820188
-410471
-534204
-821252
-555867
647806
523092
862990
-94260
-538251
-328652
655320
53073
-115822
167595
-187911
-612298
-990603
-869294
414055
468741
-963963
993292
550612
-540004
651859
-482420
883955
59391
106674
-623742
646790
24836
-971830
-798618
-969133
91425
679162
-327543
751040
-577749
571827
55350
-142201
-113011
-93144
-877885
710466
-155521
-61781
276157
-638832
352188
117174
-590320
-964826
-232750
-121299
827705
176455
-191418
559272
-291648
419051
212632
-496671
929409
332518
-841892
410948
-12300
-92303
-848268
230817
692019
-384740
-412357
-899928
-187149
-332320
-157687
-705977
435129
-380858
798187
496129
-913582
-791875
-365872
-26759
551590
957590
164855
-557214
-595592
551858
975415
988134
160339
-33654
218975
-885600
-532371
391552
200598
-362601
634749
-929906
-302452
630389
-506257
441945
906571
-516798
513666
266365
699320
194643
869232
-69624
-401869
493797
550929
-918344
607288
-493827
476040
-764512
871935
-204144
956049
487395
137374
935455
-960254
957188
965061
-464263
-763883
223317
-993651
-970842
-637623
934486
700627
-225594
142097
-294794
-63096
568372
506478
-82191
540074
-357431
346179
759144
324461
626511
764181
-165875
-38420
-98250
589430
-169507
650348
521944
468569
-253449
-798947
-414498
-878468
-709853
39670
-702503
-477401
-388233
-747804
366839
177952
-704630
-300199
-5822
620029
678774
-797621
709787
-56339
731098
119271
-979684
-434326
-304131
640563
960598
68723
363626
360527
-862615
-209709
-692955
-87725
465953
-861729
701907
133685
964750
983484
-344696
-550540
-334890
469560
51615
-563230
-534236
-114843
-864815
268768
-25323
-241792
-515458
-159529
206096
241915
561257
161724
991067
541610
210912
661901
450695
-923565
828798
434291
-593972
369058
-77635
191035
-184469
193761
-693526
-753274
-289771
952480
-667373
-383387
500236
898095
-5309
504442
-76129
-188113
773955
-669952
-839861
-312009
-172612
288761
-282926
-650163
-483872
565154
797088
-531299
414230
-831011
827834
250099
450870
852249
53978
699975
274479
767039
161461
819583
-257407
365637
-618468
19143
-195827
59066
-767766
-85386
467691
-488502
223551
373552
613369
729692
431659
704417
-941313
-754491
343272
444537
608323
-332538
93367
228625
-698088
-56746
-648027
372499
857860
236911
867953
-754144
-678004
374911
-378184
716410
253439
658439
224000
604919
105531
-167169
-540549
978505
-407972
687754
-8944
-796709
-984766
-719151
29610
-998448
-289251
672864
377782
376375
-543933
948726
628988
720619
-955952
-317543
694548
958482
149893
-273830
728717
198592
192647
-305310
-426430
148585
-768377
944336
-732989
-213936
446440
581389
683821
416351
713623
-374522
614124
-847135
-588091
840593
-889665
732241
-345732
144705
953193
-167966
353486
549236
-750550
-333808
-941471
344781
475829
-423253
-176266
-413042
726541
-920578
-702261
-663494
47061
652603
421600
-299087
-396984
-360834
-220897
-473128
-488671
-421417
-253598
-80669
783020
-244131
730190
-726646
-993586
296867
-609174
-831217
-395736
728654
-750204
-761393
-459115
-264220
851995
-63973
-191621
787573
71173
121135
-520659
924697
-533943
465287
-875733
-451062
275343
570374
-297915
-365360
-997386
-590771
978736
-938806
-154327
-70306
496288
-97842
759988
-413835
153354
-399994
-871411
620674
-905010
-581194
669804
580634
-924944
653802
-580742
-839344
-531848
242421
-480849
156188
-527129
-391328
-760947
895420
-511454
826344
-98071
924911
-727265
-191965
-263231
-457870
-665316
918397
986989
448402
-754028
-559727
-927144
-689442
189134
321937
-436288
853852
-416985
-461494
-582212
-408727
294387
-684232
-747363
777410
-818820
721718
144824
925346
993677
685512
-109714
845945
-202424
967
399429
368301
-90757
984911
895589
-846615
-27766
588507
-956339
-758356
107343
654639
-464532
-864980
-333056
575376
-235914
-491487
-376826
106051
330782
-44691
-504352
-473684
-637656
-380311
-597284
-530235
-396099
-780919
753678
-734677
957433
-712838
-360092
-367351
-85285
-180437
49363
112195
-763507
57250
-422283
549414
61481
-546759
-968356
889994
507312
304372
565543
91285
172651
-564319
-936015
650143
676758
126588
-501227
770140
-395393
94020
-571623
-432043
499232
-206387
907193
-151796
363736
-849028
-938219
-407160
-22156
-905926
-588081
-21624
-255157
-839503
633653
708390
-739868
-88289
706732
901890
-732276
745513
-770062
-135780
-344488
391304
-961559
-409068
192688
921085
-76690
723723
12762
-312752
-187419
715333
-443965
-509194
954012
151382
-764112
-868087
449312
-487513
-518907
913258
-912008
412418
-568867
-391527
-691514
-650190
939407
-723120
882979
724499
-804143
382697
-764096
544359
175840
-98824
-755613
316056
-3452
-829690
966157
-915240
-677012
-7771
-719076
662139
-313933
-77191
-758545
-649605
-986433
980446
-436015
925712
-948106
753682
-803263
-28597
624566
908787
-716630
401956
25853
-5255
386186
-763643
483236
64716
-266266
-917735
428146
-237809
296038
11850
194947
-627354
-952252
546006
954685
-513341
378204
-376441
635941
210860
-920255
-536709
-897774
-779983
-141886
-480218
-383619
-644495
-605477
-563564
886709
-725756
-275264
-648573
952524
-439001
888740
-236812
-76423
-129062
150901
545141
623284
-125814
-493796
-694228
-229165
-927418
-225166
-974915
-231754
769518
554025
371626
355457
-115362
610116
870222
532324
752334
-277748
-327470
-468131
957182
-368580
841073
230404
361651
-46117
862561
-64628
120711
493819
-708311
371715
-338254
-67484
-267907
-708561
756461
585178
-80077
-380693
-469187
831190
-667464
929413
873495
639652
-33202
687820
299392
269012
-190447
705510
-792533
393257
-619737
177671
838957
-198215
983184
-880115
-341330
-715175
881795
-240992
300994
219696
775587
-726171
-374404
-316323
-781104
-301692
149190
56881
-950332
-316105
-373775
836438
-375541
870192
70666
-375174
-500043
826720
-244244
106477
395807
-142475
-366765
387035
-105292
-77623
873501
-962546
-163738
-340763
-53918
-105742
311657
208322
-141268
693224
740559
10154
516748
536433
115616
99509
-253051
-816275
-652000
720031
-894562
-245028
-215405
-597142
-125564
874118
-522195
-469716
-137833
745798
-87646
-377039
-612590
790784
-109503
429781
-335946
533019
-121742
-351580
190757
289280
552297
5746
-446120
59057
91911
647992
532391
-450859
-633642
-711684
-692299
383903
-687678
-420413
-706844
210002
-714743
368144
884844
581341
-385050
772130
-365974
516425
806254
-473017
-223846
-136299
261386
449164
-980136
-932348
599266
686971
-122786
-144446
466519
495558
-1852
-960663
79953
634610
-846820
544230
-308630
-634216
-546148
-392035
326695
581583
333157
-288539
656068
721813
-651531
-579141
934434
173566
-677142
-873781
-936163
-195661
-63296
-688169
388750
-979804
525797
879940
-498394
887418
858483
630761
-457203
224099
-334032
88312
-257423
666240
405604
-843830
-518810
-786017
-911362
123527
-690980
626048
-330935
556280
-331835
-680012
-903219
228800
925557
777824
-337456
-497904
693873
885225
728337
-392912
891557
-805623
-256513
782452
749769
-532181
-119449
52829
-204753
821275
555108
-657594
-23627
915852
-848674
-123798
-799412
-13772
850707
-425405
-670583
-591288
-549035
-784959
-254718
89129
564235
-972660
198034
391938
482282
-224868
128252
-982675
-408175
-162964
-246433
-515140
-433225
-714919
-178366
-982451
142277
-700599
-72353
320172
567560
-84215
930985
162809
276207
-429511
-401035
-792105
918826
991667
-546917
-138439
-463149
-905824
855363
821545
256611
-173117
-722170
58348
328499
-206405
554618
-713642
-727576
-67222
300585
127163
-973214
-530507
241251
-783551
537562
852712
-245499
-751778
386470
934731
68677
298066
-811009
-649599
-756258
114769
-970306
969053
261596
-62030
-209827
533493
-310952
-425049
411182
716363
776693
536478
901268
984003
-202796
-370688
532670
-268794
237366
149357
237449
-970444
-725558
-49789
-518493
-860738
986366
-703115
-824488
469981
511808
-124402
-651801
348139
-613840
-939198
793257
735356
-889156
-943739
746686
275374
662595
-885481
111669
494825
631572
646763
809130
252356
314470
-234189
-204889
172318
-938230
-577812
455692
471767
-101558
72270
291997
-383342
931393
-280317
707075
167039
-238910
549720
535597
-144048
661296
887573
928889
555161
29819
386754
-34439
-488593
-932481
648248
584759
393340
-112670
297332
222038
-438249
-468002
62687
66026
-953492
946957
-765770
751596
277213
-575154
133784
-991601
111299
-598446
188109
-381130
-323615
-452365
-297264
239092
274035
-85958
20193
578726
207245
-130909
786867
-710351
-292650
856440
-107073
-496101
-390308
128986
359898
557583
-519074
890364
-919085
-800193
304645
-503325
-115481
-629232
-289801
673400
128265
689922
-332741
66379
-775816
885172
-303895
414976
322904
-497311
512280
-888794
806336
61281
-129192
642858
917044
-652032
-201836
-461390
971162
-420412
598068
-487180
-734069
-309358
346627
-213199
133080
235233
458634
-661095
-229362
135852
-54828
697426
588176
279519
-344351
-183957
913122
642077
-191013
-25176
650309
700076
-406790
728567
-435061
176846
779705
-806068
189394
-13654
-585958
-922828
885022
111549
11863
-293599
728999
-259142
-48992
-238898
-207258
624214
-352838
-260960
-611323
-34240
825344
267708
-11372
251918
-123810
-408766
-120329
778614
498528
-651935
-938668
-689263
-65676
629314
910317
-866123
-21365
-726339
484013
-442876
990136
894330
-689326
-91931
387716
305559
-669674
-734647
831677
422608
691743
769021
-397547
481230
415315
-712592
200748
-189923
394113
478450
-684912
-636952
-646816
580625
-581652
-420715
-355229
180320
-2392
582543
966156
-329846
-466447
662059
499850
-923794
-723374
131933
264428
704787
-303025
-169889
-932336
-968946
-646052
-972419
-520958
-702122
-330302
918414
-604869
-948476
-684365
-140403
-873618
-472834
-941838
-478897
-841897
-581355
633209
851162
304636
890105
-542144
913322
-708905
695806
-767438
-586213
-652972
258406
-390226
-352237
955094
733369
282030
716318
156163
-658292
-293539
638516
505159
51890
822110
12712
708859
41022
-950698
46996
509622
-64270
-321158
-889137
-997905
960714
-277039
-754199
223178
-786042
433604
-99636
-680894
-569230
-564093
-795324
334517
-458552
-595382
782236
6013
559108
110100
-271800
-464361
155798
-311742
-175873
722127
-40693
-904609
120386
621052
-280677
946612
79112
503846
964115
180153
856582
497435
985339
358566
429405
945924
-201349
280001
585163
-631616
83930
77799
-433835
180843
-304043
297296
-260083
-246735
-354912
-412400
693848
-643977
-802676
64672
-929981
-626036
-760285
301363
-340935
-622647
824758
-406034
686395
-845604
611675
767298
348291
437002
-665605
-733601
90693
959881
-10881
-604426
-524111
775051
479218
-698313
-837068
352610
744615
656114
150262
119548
343797
925093
971417
344780
-420181
-621475
708767
486752
654391
-210810
421924
452759
-993640
-38022
84828
-681110
490877
-260563
464459
-767023
64867
935606
-240247
-662970
603995
435105
-352952
919739
322446
-408245
834639
-306286
155302
-443122
544148
-454016
-746909
-557329
-388353
509104
-925984
70308
774199
101521
-844170
797012
-461207
897702
700344
-684537
-965405
-866241
456276
223410
453397
-599620
66393
-398210
-518440
-828086
-675862
-451190
77645
934052
-104196
910910
-515755
-517511
-819977
243540
778643
933428
311237
563423
-30137
-824263
-287990
274651
-459538
41507
-637482
343716
893556
399628
-245355
211025
165103
-968180
-430161
-773281
-325685
990387
-769797
-887806
-465893
607169
-17766
358072
-206114
976745
254401
695081
413621
604113
98923
98737
-538029
-131382
7805
-32325
502749
670018
-113300
567273
754993
-385264
125588
217392
-93765
-603975
-589693
-921780
385664
128920
-308214
-822380
-969363
-566641
274981
276008
541992
659771
606309
-219484
-24610
743055
-858443
958962
-520775
-951387
495966
195748
-156346
-413981
-723985
469211
-850224
886191
-635098
-236939
99882
178327
114861
-327522
331338
-264269
-26055
826599
-643568
-912207
411035
-973165
-449866
270000
-459982
-722024
859236
491849
363637
-479356
393510
914663
-132101
-635789
225447
-894316
-5958
418683
-370021
-918360
326168
-48094
277149
128879
-500267
-238170
648624
709828
-673298
536900
928935
952579
574698
754231
857687
-756386
802071
-206775
-974518
-45407
-609789
117285
-535944
-698205
591839
-272521
-609923
-222253
-667762
863478
719890
440844
-388530
-575434
-17535
-53868
-110389
-283851
-281321
-893350
854249
679448
-808883
-262615
-244239
-428515
864474
-427949
-716914
331706
-409335
754266
-225386
-130895
-878913
-538577
-396718
7870
349313
572480
-212390
-967687
779192
-989372
322812
-729540
-265492
-905626
37526
-532115
-846102
793894
-289487
917228
306921
-697381
-775227
705693
-518969
833672
-728329
127417
-621320
915453
198964
174535
-184243
-381400
-636880
-820335
221384
209979
-444824
802186
784975
-415687
437951
-590398
-326636
176356
-419599
164376
-801661
-198369
795334
836322
-484209
287575
-68150
-534856
-926113
-383585
-180564
725991
611253
615656
58116
-382607
-555568
187172
442307
326644
-804627
363331
689001
930953
-265683
843665
728361
-867018
583443
-396290
476275
-271525
833827
691618
-946646
818379
234611
-773401
30975
-57816
-949324
921102
261984
169609
416534
25457
-395351
-226740
-90341
759258
-911614
-141632
606565
532601
763662
-915247
690745
-519717
-787520
-969731
772873
844366
-168526
309462
-559029
298485
421864
-621170
809783
631543
397553
-210289
658302
-477916
-885772
-282440
-440323
-119685
239818
-239565
384381
-532497
-600169
647749
-119832
582326
999029
-886847
-197595
-783626
717453
-170510
781523
-424371
127509
744368
-361798
-76438
599217
774733
646123
-780002
831339
-423077
-452609
955140
-568516
820824
968070
-436528
189013
-787136
-524474
317834
-134572
486039
-464261
420583
-351646
888121
216824
-492
11189
-281747
306983
-740737
166983
-822112
-910107
931413
545038
879761
969288
-231840
-98158
-36808
-668246
-370913
89201
464519
-748430
720296
-781538
936880
88229
-826411
88349
779067
-792
557150
370684
-134319
-335775
-6209
796329
-628130
-824364
777238
-454321
-638806
-633931
249611
-31395
366310
-565306
43620
-980446
264142
398015
-852171
968569
-409703
729852
956602
656394
-402394
435831
32758
-400907
-584810
-169412
-909022
839614
-285430
981399
-422739
-311291
874578
942367
-96528
-45501
469208
289746
-349612
-213497
601157
-26161
-270854
944578
652670
-289736
-241252
76359
-686427
232495
745991
-935269
-499079
-597836
444522
-292771
26675
-310401
946986
-218447
920442
443357
783320
883665
-950416
109269
679003
-774188
-943843
-287065
-419287
-311592
303556
277999
-693553
-526562
802429
-806235
540592
820722
429812
646294
382290
-963033
-573025
-933551
410821
123447
-713975
109080
-251181
402520
400326
238164
100745
588602
24078
-393383
-703326
361843
-742551
36841
113638
-391071
831984
-40564
-189049
879237
922303
522970
-105569
509137
406003
866492
177253
193674
195333
395876
-122135
-187481
146695
614204
-472196
48289
155889
-370411
552438
-80924
928451
868489
309761
791345
-367041
-856104
-39666
503729
989340
894468
998051
875874
-673494
955489
900551
-215719
-222854
554239
-60555
-909819
-354386
686605
835068
670874
-535370
-356996
265410
325413
949882
-98359
991054
-604183
329601
766453
284436
-847191
-832504
-586408
-612177
316807
-144606
-943178
948325
695672
-128488
545849
-675717
961908
851393
-952095
214507
-466718
-852895
-80424
406554
441555
173144
-257003
461562
23369
716660
158523
869338
-502457
-49170
121444
196829
-406303
385210
4070
-608921
204433
884994
476304
282819
-847092
91304
446718
-430942
509269
-587702
-503983
468586
974024
-282411
-265561
-538867
-648315
-628475
253000
-951259
881988
509747
-690728
957657
-542535
-902561
911005
-625531
840158
-866765
350613
-697651
-847308
678507
545697
952681
277653
877029
174147
-680469
87554
-539950
-280471
434382
-863153
-899448
-320422
-833151
823577
574871
-555763
778339
-905845
821983
979974
441994
-132415
48776
104981
401745
-840516
13432
-902499
-57408
-518543
-956049
170325
-995826
-344703
524338
221057
506368
-528362
-603623
-52608
-523457
685757
-639801
738227
52799
594853
806375
453830
142453
183056
351121
-690041
108739
-715689
-935434
-814984
-734804
-575416
-306112
-129937
-201421
-501994
-895778
200176
-427826
-32413
320218
855401
-811921
-567546
128302
-943242
686046
-768430
859359
-986649
-504800
820453
935073
-623145
-240980
-326124
-317320
-631423
513613
-222763
566632
-515190
419051
404273
531543
56965
571702
823063
553962
-441206
-907011
317961
905224
124727
286034
649034
-150802
-455198
209509
129789
589872
-810682
255218
529536
-160937
-890525
-847015
579974
-228523
-806061
740531
-121982
-30259
527646
-460553
-458767
-823313
579455
-513229
-37023
600413
-765928
486116
900248
652421
-261951
436695
-619457
903832
1146
-158347
-748413
-486796
-936823
726505
70736
288959
398438
-443158
639911
636207
-453522
199081
-255443
-100600
-555950
-31927
430754
63893
818318
-981242
776398
-46786
-46966
-248340
-873360
-246387
-516637
-161112
876404
-640904
588089
-450640
948245
661052
301787
990364
678704
628623
698386
193730
-916523
-948685
-547755
-469685
-723568
-956632
210037
-654792
-814283
-383496
-927738
-849890
134371
-676078
-813192
-406585
345424
146624
-449139
233715
-582674
114233
738779
-222209
662058
-496896
-420429
-691523
661393
511505
-533452
244518
506210
898322
-905534
-847255
378387
-211103
220798
-844894
483129
24086
-12150
-125807
-624727
362922
118227
343960
340584
306078
-708929
532552
236468
-583955
43920
722784
-123415
68316
-573988
-10379
-73512
-559245
-148954
483104
-400666
292533
-34048
-944128
-106213
199278
442607
984958
-148311
-222782
517353
-245467
656507
135644
543656
-236787
-489874
115163
-229707
-160472
561685
983312
275163
-643070
-118846
-664218
785306
811471
607408
696447
-342260
786747
528658
-380509
369583
863522
-28554
541455
721893
372199
17618
933903
445535
433519
556543
555110
377362
-728065
547643
755709
675855
109110
-151044
-479232
491075
358902
-68561
311006
457363
-769428
-696613
621574
-323994
-122853
831068
-437615
765642
68702
-949431
-130945
-501569
-900448
-952247
-115865
778335
696018
-27496
169003
-571872
369735
-434877
591691
541247
-826160
651781
-126876
381901
-473619
306784
-525258
460099
-441040
-805556
822839
258551
-69924
241236
-461507
678779
-888876
-4648
-828112
-322875
-980777
504479
371125
677526
565295
860207
771543
-879564
-994840
-834414
101859
-898360
444482
-327365
319779
-812910
-171838
143109
873450
-841822
245064
-619232
416532
-582587
334674
-759173
516269
65830
-591785
372923
709941
-531138
-818618
156417
-195796
195105
-765074
-572811
106851
487893
-798409
301264
428916
-798314
993267
204005
46167
-296723
-950696
314759
538537
-40551
-160014
-646104
975211
139329
171380
-321100
424634
-889294
326848
-676688
817167
228662
-362301
321803
858160
-841082
904131
-714280
754203
544669
49226
889495
-59303
-771557
884866
560399
-702142
690953
-456248
-82337
-589738
730206
675961
-301370
-968278
-253817
64048
-250513
807542
242471
692993
-882563
-867844
-571754
128671
68326
702248
-214136
-79993
-747696
13354
33750
-436813
-571653
170239
-49307
-329851
467892
-317107
696455
-731882
851890
43502
-269675
-375248
-826681
-992330
433667
-358761
410595
535199
833375
271857
927768
374780
486475
5717
-15314
844714
780293
452799
495431
-588144
505553
-290854
332482
707255
-49353
690007
244477
684550
-782515
-664660
547363
251609
-587057
-386415
118774
478730
-968272
402525
-809668
-527184
-524913
-464323
982281
727993
-712381
464396
328957
410846
860880
64057
-637771
512808
-179010
31650
-711822
-941654
904597
263151
-157500
681201
86395
617648
-116807
-768379
813886
685478
-665294
507142
864420
139674
992949
855047
-492275
-889766
970159
-334031
579584
543906
-540490
694495
629249
857904
-418262
94492
649357
-894339
-156690
374381
-755790
343711
173491
-362996
181408
38223
-806571
810574
435227
402908
167450
607561
104049
-163419
-394516
193446
227606
-576097
931115
-776349
525798
149967
-723806
-327616
342027
-790734
219227
76868
817973
704125
992150
714731
-23407
-590444
-429962
-167199
-248058
-23205
-198200
-591816
-743386
-428633
-298894
24023
-823273
-28288
-443120
804501
563389
-748981
618539
-71791
607818
-121158
-999001
-499890
834987
-937746
-143653
-746599
-574515
-618802
-941846
415979
-836383
-676259
-530709
969765
-524459
-34851
-945387
983869
914277
274031
-127585
-39577
424937
698070
-241222
-604286
415529
444816
283039
832332
308920
-524927
-505986
27680
182844
463472
49832
636994
-214971
717228
-153446
-535605
797503
-904839
-882608
-405663
-303146
859097
939386
447057
549823
-719580
349642
-337439
-437892
-58211
-852189
-372727
982677
-616057
296185
-365867
492878
-687763
-862576
231061
476288
-770429
-844390
-227631
-593990
-27088
813655
-123630
547225
937372
-150875
248472
-843280
-792279
-817816
735910
-961715
814002
868110
738987
-197737
-534190
-434887
727722
-742827
-441706
723718
759484
-309984
32652
-692494
700577
-194407
-21539
-387978
-736032
-678326
-597253
274756
-991106
905014
-104909
525269
35197
587372
429021
836669
108899
977558
-575932
-554134
-945401
50149
189317
-861985
-559784
509077
280146
46140
271578
-812985
-944725
599257
324120
-77056
83376
-522588
409706
174218
441946
-782579
87112
408955
-355126
756732
545566
-537819
-885299
354283
-572627
699618
-485363
-181481
-437465
548213
-706033
-566895
307910
-552676
173142
837707
-795070
902632
-182146
40418
-463160
-241206
-353880
-923947
141642
670033
-639314
571395
-521289
139223
632653
741910
669404
328686
239454
-106747
531026
-712893
-854599
-605700
636468
-773184
-671030
734602
285873
-978907
925985
-821396
-593532
-748236
865573
121187
33960
-977630
369698
-868299
974627
454477
-427784
624315
963340
-618167
-427518
5698
-646742
707031
776603
-954284
-838208
661977
-220110
990832
-26586
-878577
440086
-980523
-351454
-444596
520829
-398979
-369177
-88641
-202252
-223981
949527
-109116
824550
972369
261861
727194
-847037
745928
-776194
173915
585303
-628993
-308820
480960
-640963
609752
650180
-159242
-47725
-518216
193125
142264
-755077
-544903
-789407
-759959
-711106
-541233
-388803
-72783
281520
-452520
17048
855222
69521
-616156
-535269
-552817
-88073
-644014
389056
216677
-331904
908106
123826
531633
-670273
350135
-443330
398691
979448
687233
606733
-705850
-370277
-731438
-564240
-404547
124677
-260803
260432
82344
199953
-391835
34580
809154
812322
360173
-222455
-913881
361050
928501
998923
-835013
-941613
-282311
-206131
-537058
227164
189814
694836
-818256
-272870
113134
-87011
329845
-873419
299868
560871
-146557
353124
-278205
407547
-751062
518614
-185264
-498462
159480
-724324
747024
540451
568973
397576
-76437
-227155
-131814
591141
-44814
-918125
-804775
-260976
-692736
654000
-27860
231583
685638
-275816
940287
458564
998916
-315973
404858
5831
-596946
276398
-6993
380604
-110089
82573
474074
295784
-462133
631947
978297
478268
-254994
-328526
-509337
-197333
-315244
-191875
379727
439281
-176413
507461
682861
-367740
448012
457301
-270676
-18443
632961
922232
-814472
-136292
-717262
-833304
-379612
-764686
462320
-858956
-552628
60805
-376863
-78093
857368
363770
-344404
-453353
481563
-353808
449300
-631511
281274
-420653
-64063
-153807
-912379
583196
-492263
880603
265760
240940
496410
522694
-798632
607957
138493
702891
-352785
570763
-968325
20933
512347
463429
-978049
674248
719723
860420
764288
-684746
-843863
461612
-301291
118212
102369
-12294
296221
-745153
482632
-847975
-429094
809867
705896
-556967
-743550
968979
558102
700209
412110
969481
252428
540415
-676474
851429
748020
-421232
512534
-953464
-969058
-588807
-939845
272432
461602
-244496
-600004
872938
842752
-551911
-793484
144046
-926692
-425371
71286
-178478
-732529
-331314
-193373
-865137
665162
-262640
928623
-583358
411450
134231
-123695
-100239
-295776
-32104
-609618
-534479
-479191
849086
-35206
889955
315745
875443
738913
-848141
-179135
920483
223517
-543844
469483
887085
298234
-882119
838019
-166303
955729
-592882
-261019
-654103
-421985
918134
482857
-997142
-330357
-958537
29082
660284
543877
64730
-615648
508013
-946003
-362172
1341
-740292
-660816
335491
218529
-702592
156580
555555
463188
539675
-32913
694398
188211
36547
-944379
-212117
-61590
361247
989310
-97341
-504357
-2144
732089
-770505
-596429
876607
-548851
-823704
583854
269188
125043
-370907
734355
866427
-910642
-140221
629550
-382953
-354977
749991
-705912
520435
348314
694039
-194042
580817
902923
-12151
-788733
932432
-904012
-548115
-594414
528634
713896
127024
-598770
227994
-961125
-158061
968457
-126746
-184966
-857878
-519765
-856770
-196813
-988649
-995604
-270665
-598644
-637190
-532621
-605097
213377
638985
38827
-859041
154048
-347728
-530136
-319239
774006
347920
532084
-765624
-598069
619106
3285
529206
57258
-110631
660057
752468
220564
-441761
771351
-940967
311098
904819
833665
-742583
401539
-861972
-840157
827224
-328934
201827
682953
995054
278369
345929
27041
509040
-480539
922108
-977605
-679675
-810868
966832
-248652
774587
-265034
-150243
-906949
-92014
-58207
268604
979837
651805
394136
-191682
24270
-987923
-393153
150033
-388176
481708
-942149
894001
-250019
-921687
-923407
-130499
-13943
-972676
-921082
-537241
-963186
-538087
-947367
-180466
-694899
468757
-5954
943770
-504495
-363730
975667
-332649
491248
105339
-452413
372481
319167
-851879
-245870
641062
889511
-498616
-673606
-946204
403089
-741603
-541558
128234
-230552
-475334
-54890
967101
-982009
-113061
620776
345821
273628
-117577
-684809
82922
-150966
-123931
913591
-465518
-254810
435221
-171418
321126
-783900
627837
-999736
-444756
458864
-332290
61128
897316
25845
-612305
-756487
-644490
355323
-70811
-568966
-554328
567872
-921700
-734054
804443
-19019
-415524
-7237
-516013
314457
670208
358457
-355410
-330437
374700
-154541
-704368
151071
533419
384749
-631629
-417240
-638401
-600308
814890
74355
-587914
-350010
-513939
-824603
49353
-321894
875682
-968267
604678
974209
-966002
516778
-677681
-74897
13610
-654727
334634
-506044
967787
-552366
386919
689259
-701997
-599550
820805
-324620
-923767
72847
-876863
417512
-215266
369410
-255407
179397
874979
-235920
-258075
886287
212403
-471286
-785837
831668
-746419
-800162
777077
602477
-154731
-933275
278873
683564
61619
203949
-892991
-350465
342947
-243962
-610468
-753749
-464758
299638
779160
-6284
125928
718853
135433
-858616
-321358
797130
-294578
-528204
-576030
942324
384907
766430
41445
-546700
-319821
443272
-399963
-690585
720788
500438
-476339
750742
-428864
391028
333155
-175449
759175
-58343
-563409
-496771
-486178
-166804
923810
949140
40418
600482
-174609
321481
873828
97426
-227695
-588426
-734669
-349630
-758575
-331740
996948
-678832
-988750
-934220
-934127
514861
264684
987323
-989222
326221
-485981
745238
-308618
794012
-898841
-158086
247849
-969399
189431
228406
796967
908585
-519663
-837095
319847
-931048
-355947
664748
792378
700476
101686
71181
196586
-903737
85937
546825
-692863
-373942
722552
813048
-621380
255235
834023
139807
111505
993534
154201
971373
666539
834248
-742190
-404081
462025
301970
463675
157060
-448227
989785
-283198
-763034
497574
-932880
-678233
364238
-774391
162905
84367
-545825
215948
-373658
-100687
724076
551765
-480878
-741184
151229
988780
-401540
-870643
-247336
698318
-699517
379611
407919
344295
-140291
106562
137883
269629
498195
869878
-894107
-347582
-713108
876438
-338795
-565414
-236001
100750
205827
231053
-531509
-103716
-385928
-912600
-701050
-869601
379480
-202827
-670748
-554727
699711
-408218
372484
623945
608926
17641
-793541
173984
-503687
878851
-972258
-334550
-35185
-699800
-899350
83420
52847
413377
954263
484115
383674
-706779
-114596
620842
-7132
829866
391170
159821
-378953
625353
511031
-758171
-405527
-992797
402919
538533
-239237
-588013
-299531
782454
679725
-865831
843796
-267116
-737803
-536622
828940
805347
-290651
-627828
-481447
389409
-580155
580663
687078
-452566
-723699
-953129
261511
-854975
69119
708450
-48334
647128
-114600
-512897
-999476
-358007
898463
-921614
-64852
406766
-633949
-275783
694336
-435271
-983377
762436
134529
978078
-638172
-536749
929870
955646
603093
-223930
324746
-716439
-860976
244453
-431316
108225
263420
460624
455851
-964381
367049
-612321
-356865
-686222
-531088
-915008
-270298
757765
-876708
-183881
-679973
22265
-97069
-257998
272608
-878932
-559163
-701385
816020
988702
557234
-98655
-667484
-116851
964243
715976
-536535
496220
653103
55867
-988411
-424881
-261397
-407885
686779
-546986
-384867
575129
366077
-227711
-345433
-358682
-956977
-325257
-276098
-47068
-790453
977943
591499
789260
-737722
229841
986948
785857
-142116
-544907
43107
-236439
-832091
-155777
918036
82455
438424
784237
-59758
-53614
-98698
-972370
-363704
-322552
824770
-45838
-534674
-806243
822929
689526
-382417
-226128
564682
-288027
-452614
-999010
-544014
963542
-241150
-496202
760107
677851
-227213
223986
22779
-480563
-935383
761230
-712593
-270171
76804
217750
-401796
823567
560966
609706
-156146
-615206
-41155
709932
-946700
137702
632303
-473036
610337
-217087
-54862
-22070
177651
256431
-968303
-918847
575572
-331239
-544136
665406
-675108
-354534
-522461
298126
-549196
221732
430332
-119709
-183476
406861
-413550
979988
-518949
714447
-838602
466362
-603048
673892
-58297
-538064
718164
61035
-857182
141770
396511
-512294
440789
-586916
-552826
854680
-680926
-179565
173154
-44286
-882652
-29245
-696785
255397
-292434
-361439
-389258
207012
530850
-66958
827049
655492
-174534
888020
62491
-865143
152675
-911385
72649
-360485
-62320
-75618
-315773
820288
-217012
943753
12270
-726482
-479601
620353
-534023
-657871
-450903
-393851
451909
882808
-284295
157608
440524
-184161
-549651
-822045
651457
-474140
68563
-234754
780248
-73688
787472
-482940
-101812
-863086
509748
939749
663335
-324273
626872
-16294
-239573
544357
-587003
-801591
-133952
29970
-950464
-375210
-629056
-210734
868042
951760
-631746
-718820
-121523
275111
243800
259826
-962257
-693343
156221
-174614
703901
-587854
461559
406234
62175
-545947
757714
818320
-981587
296884
150976
588247
980669
-595934
308609
-966264
713170
693833
-818903
634010
980919
-124048
-748597
-965876
577546
-356804
-74675
364229
534073
132765
640309
294056
-863902
-769634
215110
-394826
-347434
-687394
465561
-475768
355756
146899
-533617
-646861
-579480
-74959
-671081
-553363
662779
-487010
117609
603704
-936754
146217
-919303
294967
855325
816570
-159047
-853928
334041
685108
-238491
389842
-592269
493153
930933
283297
-997668
746531
82713
-886751
985091
170554
120696
-814870
-56416
138327
641467
-560214
-17553
-378652
476487
754466
-116132
-398770
249890
112698
-935188
-287136
-192136
961747
59227
-227943
-924521
694638
-914978
-791729
-337912
361917
342203
-442166
-75870
-44615
229019
-731914
36728
966166
463257
455350
-714535
189146
-981548
-754750
976475
-819235
-342253
-73345
857851
798112
150683
-446427
812005
-665184
784047
-868467
-187289
579192
-483082
-807997
766967
976081
-884203
687395
-774849
997545
519203
430099
-865981
800176
-927898
880179
176923
-475017
367806
-279481
497643
-985812
197920
-8353
685351
676775
938726
-923865
655272
726606
-653249
418156
-811400
-487512
762379
-225400
-782194
719083
852294
-339376
-707947
-272593
-175263
901357
-989598
73376
-952367
-611703
-623091
-345037
-113852
942969
771038
-665627
-998314
-191428
944959
-302390
69333
-62813
-65322
47513
-945977
150361
-472194
-703549
-415171
363625
395281
-584033
927954
-690958
240783
-950176
-194540
-226953
-90011
161066
-855307
897604
-283003
-659952
-821603
440892
445114
530296
236007
981775
-819586
-758604
886940
483316
-444607
701149
-392617
-177228
357514
-911008
304500
657812
439568
306044
-666982
-316978
436479
-715673
988659
-947826
608593
524001
-495604
-889595
-177652
322149
-923833
-302102
-299577
-584943
-192940
-194531
533869
-95175
-564496
127165
-583092
-528876
976787
288177
-349475
766386
294800
671175
-956282
897831
-469913
277911
21874
156235
-791099
575189
-192359
233235
220062
-608405
-174924
-618721
528413
381444
-42619
579463
-722836
-460517
-675939
-182596
-546270
509257
-793889
41386
-288375
-571444
-269917
537383
-514909
858959
847281
963126
180897
527337
-742480
-263803
567925
-107028
-798624
-865030
-691849
-444864
-441223
-39417
-168785
867075
-773489
717144
144664
562665
935457
714489
-460448
-482122
-937212
-290036
120100
-435788
-263742
-804224
-470773
719850
180628
-221007
-968146
524958
548264
88043
790580
61691
-561453
-322680
721838
553790
109379
130668
674472
-756340
368398
-238676
-177150
738986
-665579
-620603
723458
667721
181809
-78959
951848
-671349
643030
273924
-727758
537515
494663
-195504
563406
-41083
329173
-271714
-535245
-270811
-637361
-350755
776233
741785
-963187
320412
411787
557600
268444
-126836
459076
-617481
96540
-598442
-106424
-20867
-330484
929670
739842
-47511
109080
104420
-883739
-205625
-9566
-209022
-942472
-921221
-64024
-945287
-553638
-18641
-689833
-854508
-865186
-632826
-218797
225784
-303355
525240
398758
503745
-647442
-286094
15613
38070
-540634
-607165
160097
287250
-673028
-856409
-917900
-354230
128527
430478
191927
941468
-80746
-880876
-989043
632856
461773
-962540
833569
-420913
-842757
380214
316939
336791
-625624
-797176
934940
-444734
565607
-230189
961969
-608894
572851
774395
635898
881908
-15344
441904
657289
-261015
-129472
-76881
546074
-420381
-997692
419905
210871
825983
450989
446234
858868
-801541
-198097
-414914
-945688
183080
668068
-77793
264900
-416334
425319
224545
-487870
-204079
-178099
-49170
805092
-65173
51676
113781
211944
-888814
-571382
171639
987846
-417319
119075
-765377
186910
-777799
-515209
124474
-485654
275420
190527
159312
690967
761589
109052
-205757
243831
477327
244617
884108
4498
-116453
570211
-647433
280662
320669
500604
302961
-301172
-308248
634037
656905
-401769
-118567
-227467
-71901
901739
677235
-928171
460147
210798
965544
-566667
848034
-565112
552370
35257
734878
-431127
813111
476648
-687116
803869
-204231
-413864
308007
810956
549711
-969250
17716
-394727
-6150
863935
-526791
-97753
887890
114037
757499
-616289
537844
-195154
-625738
-676907
849733
865807
329836
177058
-716979
-679709
-583651
-243503
-729381
798531
-6457
-356370
205264
-672851
-740262
-618739
710162
-442818
426487
-802498
985398
-879240
240128
-208451
-781455
-221414
-861417
-107236
217354
-165865
-814720
-462498
441017
328119
-638009
-698345
-106977
633092
-638432
202465
-243996
20565
553732
-86600
810612
-205576
-970485
576066
122633
934674
-90523
794633
-482815
182848
-716027
902297
994403
445050
-916520
-307147
284930
-66788
-770346
-784071
215074
-710342
831572
-314326
-238790
488375
611446
-310490
599412
247385
765899
-287744
300915
319211
-537341
-492404
995929
59681
-52187
495473
-7565
-441237
415501
242316
-643672
-194414
657819
317143
-678865
8346
287536
228348
122289
3229
104367
394425
-707817
-688641
732927
265336
945873
-996013
-758753
-555224
-416262
-17246
378324
-528927
659637
-654922
252540
-267435
-339229
-733740
-678302
-369036
960014
508010
-393055
607518
-858644
-179026
844647
932438
-532685
-371653
-947115
767484
284408
936034
88767
324549
881818
-987711
60378
-222577
92984
-840068
722308
-448114
837953
162942
367448
-736388
352224
402040
-768766
-315035
562251
363737
818320
-660159
299175
-216252
-376236
-115159
271391
-521729
-691403
-887031
857255
32398
-573693
158815
742076
477231
-470763
-886604
-374237
798545
30806
371217
573861
396696
929591
-706887
197125
-385077
-644716
858265
473339
-43998
-393082
-188188
326429
-910573
-984408
157574
754527
-781750
354207
-122617
-885453
-248158
677548
945974
-714571
32334
817467
705056
69712
-757017
119997
-957048
432036
-317509
428149
-458805
-87700
336387
294825
302653
44065
881429
-858450
349470
501206
400973
384506
148577
-497099
-117223
-981371
110111
234123
-208134
682070
-714000
-794533
878695
972496
51366
29526
-718701
-590839
-737615
731430
811790
888425
544769
-521594
-945216
-86124
-372237
-830408
511658
-654145
-302313
-17869
868354
443905
-656684
285381
179621
-87479
806296
7741
74905
314957
-400936
-157085
-277163
138449
43945
463915
-840230
310974
717422
398431
-542142
-757921
-446675
-335174
984759
-546209
76394
-288003
271179
667698
-256513
514360
813389
892253
-417929
-37234
-376631
-496186
486046
-157278
485385
-482050
-677745
115927
-307592
843800
-675597
-429725
391254
37109
261171
-526991
86761
-759095
-861508
-263397
919575
-642540
248443
-918440
894397
-537173
-329718
543198
-856074
499468
-277758
24273
723168
896509
191601
309565
401434
-111864
-852431
-814169
-271671
-872550
429170
135132
-972092
-927582
-124660
736136
-83925
692917
731175
-290187
-864793
790087
865891
-12843
515025
-550616
980668
-996017
505939
709336
-149881
169115
-856591
639131
501396
-522085
215123
52363
-387842
930683
444970
-207233
224233
622666
470769
42533
-680995
504885
-159935
-629142
175584
-687388
444077
-167613
96732
221222
560632
-36104
-566156
336413
-187593
-994066
-7780
-949312
-214300
-586852
-933552
-955265
-906047
-533916
-813245
-612111
4788
-262489
-935842
432334
244390
40931
-124806
-140139
-612819
240596
659899
121867
594580
-446265
-750962
25723
56216
-70740
-860658
-430134
30269
-681324
-645783
818227
-846608
304666
847718
-245832
-510637
115622
-243885
-261380
-434280
-17878
994606
953769
-499353
-312566
824177
-175109
561343
453515
79410
-477022
591899
-974151
440594
-158945
45199
-162812
-380334
-166829
-333250
418326
859237
-48830
251596
-852878
930080
-494963
862137
673226
867507
372324
-124218
-14523
-841030
-902041
526305
-511099
-551808
-530779
639357
-312833
-221270
2555
67941
-766582
-81124
407388
907189
-474701
-341170
-147097
-904286
-650811
-531780
-947509
-957922
-177414
-781301
288222
993536
782351
-964323
759058
-293720
857578
955910
-91632
-68071
-312612
591077
-192814
592953
-72665
384646
832232
-165627
-688924
-204858
-193445
-529438
252380
344337
-655599
-606444
-321974
29090
-672974
-579323
668896
515179
608876
97752
265778
-880989
-813842
-495629
-376179
-559280
-597041
559456
460772
402395
-651788
-624841
569979
917329
349602
57631
322335
757933
-694746
-418106
888437
252493
-658934
-782085
164936
-859640
281791
490250
637878
-625995
485792
865966
-470366
705934
217602
-57428
249251
-727472
171143
565327
-417350
-208709
757781
166855
-121921
29667
-881777
-568602
-441447
369849
-547541
-20164
-549449
-665652
-27579
335165
-30284
236560
18512
720040
61160
-900293
441398
460054
-351252
-723295
-346020
474467
-899804
332489
-3465
-581578
-280367
655735
569957
307108
-388574
300437
-80412
-960640
-680908
839031
-854089
-818118
-616695
795053
393405
-667429
-795989
-747109
-165360
-61410
-611061
-751336
-107982
61203
915320
595084
-728111
758990
-934629
909675
-383582
-407871
336425
-965560
385127
-718417
-543673
-15506
-421206
23125
-825788
456561
464900
104137
-505367
525679
805169
704635
-946220
149534
46174
646707
-849275
61115
424378
337175
916579
-891182
630319
-721858
-221188
-242022
-423266
975237
-622293
138744
-808364
-823303
881132
-451322
-658895
864420
667816
-626803
-270941
47369
-176717
497468
-877807
990988
-403927
78231
-815176
578146
673440
755086
250319
90218
-152803
320648
558370
880010
-292650
-416071
-493577
514965
-189475
856713
-659767
-681537
479599
410263
718296
712200
834467
-129772
715734
-788988
545077
580695
-666103
-870193
811684
132332
442731
843393
91194
33357
327262
975998
-91681
-135020
-682133
299625
-542566
215859
-810767
-680548
304942
748943
424377
579537
786324
-367058
-127094
-449860
711231
422718
118593
-97491
-737737
-502422
-785692
686093
296151
701826
918660
245348
105948
-481985
694175
32765
305082
98150
-992807
-137935
218825
894339
183770
-223029
860312
364226
72892
696696
-431389
350387
-935408
21821
777294
-499338
308441
-30129
433594
-945895
144263
-40118
-659107
677498
124716
746927
-361379
752876
979087
266140
-102691
-804237
-590997
-150282
-404762
-494206
-751108
-662953
-351542
240604
341141
-72377
819836
679043
440865
305215
650214
-834842
631752
700165
-938777
91724
-737587
-477059
-143014
-571972
-563598
896368
-792213
227695
-630100
249209
-747444
-195042
-297527
982086
-922376
921985
-699461
432298
322612
418411
315232
-883282
952019
988102
525990
-183313
404345
624376
-156362
778521
954237
251905
175170
977246
-993965
571750
-848491
840723
-952142
119998
-648321
882788
-163977
874671
360051
228417
-762481
-894058
927502
-137813
-948522
-633639
929107
448737
689888
63959
-388273
165343
-718719
521316
727749
-197970
113624
-554646
-843262
-313413
-526302
281595
87289
-367572
480076
178666
-545828
820035
672711
612266
-211226
136367
-304231
-455727
-644056
-717543
-249234
266408
-508647
-126738
-558617
204706
674607
-760835
234022
-774660
591236
272375
-562862
-685349
-76484
605983
180411
-251556
169824
475016
585514
839839
-687091
155793
-989110
122924
38580
-663776
744247
351869
672186
439324
438625
424940
-860414
-905577
-790061
-845187
477700
530814
320075
-552398
829143
320064
111974
809237
523270
-238378
13050
474340
-828352
-468390
-909050
666719
260694
-141098
390742
399891
-409264
365192
230696
809987
973220
-710093
781882
963939
-248151
547739
539066
-178307
552342
-502686
177146
-187398
-782045
558879
-919076
-302915
-607985
281673
236371
-755584
-257551
631412
-823972
-219636
10586
-81715
182597
56681
-815112
976695
989549
-780699
697710
-448866
934144
-461863
456516
517498
-909527
623160
447013
-744959
857580
418109
-445044
-149784
-803649
-915821
305196
38752
763892
-223844
474536
828980
170679
357461
906759
-858187
347174
128887
447418
-365640
-152036
-360618
677223
211248
-603082
439140
215843
-567658
-896445
398922
603283
-702101
-886853
-455105
-837890
988534
415418
-103411
132636
-760596
-390568
-956490
283103
-842695
-303390
-465333
-757657
486804
-571883
105863
590821
369667
83791
616526
-730154
79921
74352
551102
341126
657433
24991
835446
520806
469885
838426
904218
-697881
-334485
408177
-760131
904428
-779846
383754
-103446
-368230
517388
289775
641940
483134
236991
-917547
-673950
435589
-152451
-556664
85761
798466
-989192
588646
678142
441401
668841
-640705
-712922
745523
950347
-54752
-359449
927496
186694
-254912
385695
786723
-486824
548719
-691799
628956
632535
-816809
659066
-289351
-215310
93799
-506228
877363
-441628
-451281
844557
537268
851663
-672914
849764
-271729
-567248
715244
-708712
-49235
841960
580339
-317603
626914
275543
820003
-246851
-962180
802234
-15145
64790
62345
603788
-363407
349694
853549
175371
964811
-325435
748738
-407003
728774
-369686
-271876
-793896
-289127
396605
776160
30121
989161
236185
9348
287683
662990
-776522
730503
-95192
-255322
663137
-352825
654205
-803514
865685
-638703
52665
-979007
-790546
-9938
844812
776806
-202219
-370321
881336
-75526
924376
-780007
851001
282258
-821552
274955
857942
-478843
-831238
186936
-44595
-279270
497008
-398094
872410
-568161
789375
676072
242796
947768
-636404
-386904
4256
236257
-911040
-378042
-122846
909880
-887304
-677710
-689324
-975782
117248
-696667
344641
895966
-123217
165742
-877796
-29984
64871
-116165
476268
68339
-916142
837792
-958298
-530975
983730
926235
129101
-515545
-246843
789798
-968813
267819
-713413
-673283
262026
75562
49604
98526
-503012
62249
-873194
-939459
94373
633300
27894
11481
502391
695169
791046
25730
795164
483439
-935056
-739384
650301
-819019
-736012
-967133
881992
-957728
182867
-515369
129197
280439
447477
-704053
645593
-334698
-575565
-199120
-939134
330638
-570639
293187
469338
460816
-600687
852714
117978
440686
575884
-47411
344436
722289
-197062
14805
-533549
-602270
555309
226078
-297371
-869330
-629193
216255
811878
-839273
319540
618551
-304094
-143501
583738
-740897
605139
715892
-510576
124113
474587
-78866
56536
618342
226569
41079
729141
-625450
478259
-729666
-742822
-722967
-628584
-209479
-558087
-666451
773933
-977013
-355029
625742
-803413
-365974
-272578
770107
270948
-685236
-193329
-446587
625660
-941426
-216931
875635
-714299
-551644
642619
716706
697395
-225010
301548
-199768
876116
270784
-179097
745924
-744750
-766583
347241
-997258
16612
178386
-864324
-176597
-383293
-133523
-528416
363114
212170
943726
-995197
-47424
879991
871866
178654
-636770
662323
661506
506896
950925
239742
-879977
767830
177729
-999705
808086
-343179
-927711
685518
602468
-839578
-899064
-259439
822378
232706
-811602
-740262
459129
250779
504850
868761
588517
294509
-435845
229718
234116
325343
892483
-768898
-852985
-49047
-80921
-13727
-626478
-796137
217145
-796078
-142832
-185617
271430
-995525
-60077
851287
-928423
-242892
-196561
64245
-7037
638934
181713
366211
770729
-242967
-943310
118651
-706739
447830
-674559
-204883
-977529
362454
-945903
504453
427444
-192221
13874
796838
-505185
418229
5619
788470
503106
654536
-96330
-157281
-265677
-565735
-441880
-114465
-293425
-431834
91968
756271
-353954
101324
-512623
-46863
393504
-307962
-715804
-612594
842574
-674165
-956215
951843
-186555
-209271
743176
-475661
11912
68107
-776406
-719384
225695
-429113
-459444
-506035
-970165
246279
-767708
781113
-609589
745827
871862
-873375
171672
603194
861341
-895218
-712443
402526
-191974
-863045
-993040
-154865
249270
-172555
638752
-420834
398284
-390999
-832857
-152695
-10148
-142992
101387
-690408
-522326
914325
514041
783867
242223
-337611
943545
-740014
-766567
-909462
713465
737143
-343526
-476364
-813410
-770621
967777
-889953
417876
660435
-61397
175094
263891
-96254
317291
623501
769475
-218908
-91938
161365
-129705
384689
387287
-960027
-484290
23743
-640260
304213
856066
-379899
380240
990741
-336524
739073
-187847
-106145
-913685
14222
898914
202035
-431633
-902428
-997117
-914223
-564433
11551
277724
379886
-892322
11602
-276782
776783
-379188
698211
-417864
-461973
-180840
558113
-307237
245611
-77638
681448
-69470
-841509
-482223
907257
715027
887174
-647207
411875
420517
618677
727663
-728750
805824
870235
-941351
-167574
-493197
-644061
-909277
401310
-31057
-224591
-309138
714772
-439771
891066
-87801
-73807
505832
419863
-494732
405894
-199420
980449
-525667
352098
301367
-304890
429511
-75125
845431
36373
243798
753889
-303371
-866623
-287446
872019
108784
681358
-12975
664086
-657439
-769462
-461747
807700
-863075
-368506
584942
-192367
-72921
958573
-170095
-341336
-973877
-169933
-667104
642810
728161
337957
836154
86428
829040
49869
357365
-976085
762716
-798997
332876
-8924
-422859
-574069
230687
-611890
745938
806393
-195543
399991
-660541
820995
-561647
-973811
286286
-948658
-500503
122527
719064
908723
227033
-683981
-738909
607319
-493500
445900
775385
-10766
866838
-977632
-671596
800696
628466
559079
-410493
-485207
383868
172006
-14239
306298
366918
533737
-516491
637072
-128497
162586
-458193
953692
-190123
117852
-349802
184814
629792
482338
-36159
-915266
-150809
604652
754415
885084
937062
488922
-138768
-930729
52025
-767690
509706
967570
-624576
-461881
-861802
-701461
-639723
-968254
892240
34463
75216
509149
-351770
-230676
-986366
-807022
-747483
229632
-222674
580151
-608840
719064
441844
-784284
286216
-902888
560733
574003
-591353
-2569
250817
722907
804577
134989
-570352
-268124
570554
-203764
18353
625643
-851647
-74788
109707
-553582
896961
792380
12733
679649
-197472
-56318
-975696
-382959
523349
802558
792347
-981586
825859
774764
-520856
77972
272094
-991170
-571853
-826933
87869
-269848
-820309
-644969
-429637
-586506
934065
-447665
-935202
-971487
498225
548920
614172
-965999
336145
471822
280295
-46152
57192
-606718
732880
752093
-3104
-740085
727143
445832
622993
-460573
-156290
-846746
621223
537069
-969941
7177
-126108
872201
823796
-365047
-280549
626593
-678773
23643
-406350
-36998
110332
513103
704796
734692
-574283
907310
285744
498073
996289
-33496
-652304
64005
687334
754541
968690
-241737
-993141
-655133
-533516
-49779
704170
-193350
-886464
-567625
-684144
657044
194668
583414
-376852
-355011
974774
450613
516328
964895
472421
396991
599803
-204669
251209
218144
232430
-456626
-260485
-889206
-274904
-913775
-731874
-694127
-914918
181314
652951
-763901
-474814
-131576
-752374
899454
186720
599575
-447440
-433999
-989281
-599872
972962
-3090
886581
832176
869144
-964512
-593912
494817
465448
184439
-386338
172441
-638908
168006
-68815
683514
-390462
188838
-2551
625754
-67270
-725725
-588540
-89307
52676
-226950
241037
509510
-976334
39765
142938
805490
246364
434592
785961
-536991
475961
-501012
825468
-13687
365036
-214908
839655
195642
-415642
-461541
719756
871014
958833
-147881
-351160
-950747
-803741
511223
760207
-581204
340264
511846
-931282
362218
976340
-537745
-205126
-602581
666653
-696821
524597
584491
-489125
-702788
-527535
49162
205892
880585
665393
961119
-329974
893282
-916387
-463358
-642074
321384
846595
-670368
642887
-836919
686313
675436
474307
-664165
-808279
-458563
-774287
-697054
-401395
731603
552602
-344693
-306689
-165244
-913436
812012
459140
88430
-408544
-411645
-551647
8483
-623224
-652234
-902818
117603
939633
-947390
530720
2084
-149153
-139289
186278
788006
-209833
-11618
-864207
-762105
435573
-449348
194745
-774881
431604
-566666
-338529
-803356
105629
-565418
35766
-772390
464176
445591
270213
724747
64402
-453749
680168
-777645
288520
-75150
948687
853650
-983665
-991507
-232085
-408861
-699629
-451378
170780
224722
571980
848012
806822
442382
724912
849905
-274623
-750333
789185
-496874
-574860
-967776
-121141
-569910
764061
-630488
-44298
-169211
-37660
349511
539686
252347
-141508
569283
-136596
-720172
216916
450922
197608
-304380
956625
-599273
999363
947425
-150452
979749
-676656
329699
-360247
-55517
28847
979472
59414
629673
890839
-524759
468148
-355429
434544
-285530
-210773
776876
-619055
-173651
-500401
508283
-871783
619718
51073
-271440
-409961
-214779
402243
231489
17856
657092
-962466
-598275
802828
-130673
42133
963091
822518
-969490
-229561
250871
186244
866366
-936390
650615
53653
-66015
-439536
237797
-223874
675557
-120110
-746488
243213
371260
-895119
-508229
743702
-394198
262655
-503521
84609
