100
-879757
-254968
-949084
-695951
419739
579417
378479
-968455
456392
856315
800624
-612748
127062
14644
950510
-284086
293402
939980
-825728
277458
-422286
579924
786095
525450
-847415
243602
-387115
601589
-583152
674777
-550386
434193
-618067
-195703
-402630
17304
-339689
738648
92364
-352648
17994
-318277
-771753
-553265
-742326
-30955
-952067
798580
739438
-466147
671788
-359850
913955
-812488
-406237
445923
-811060
-468156
823467
-572259
-273964
813251
405318
-794191
191005
-878312
982232
345338
866733
141553
-436509
153236
296109
-254741
-696876
721282
-146983
-816266
-953443
764827
-97368
592179
-134120
333583
389006
-257064
-77517
180053
20388
98985
-69272
-52119
11635
45879
-228512
-930121
28097
429706
-832467
-587085
