-996647
-995115
-991957
-990409
-988856
-984999
-981646
-981519
-979557
-977790
-977359
-977041
-975559
-973714
-969369
-968958
-967903
-967897
-967756
-965990
-963383
-963341
-960857
-957717
-955967
-955961
-955524
-954900
-953351
-953168
-952801
-948559
-947388
-947182
-946993
-946722
-945402
-944563
-943351
-938959
-938623
-937720
-937645
-937631
-935570
-933488
-933440
-931684
-928917
-922968
-919830
-918814
-918426
-914275
-908662
-907914
-905933
-903118
-901788
-896489
-894123
-891270
-890012
-887574
-885439
-884957
-883778
-880161
-880046
-878881
-877689
-876562
-874787
-874432
-874055
-865026
-864182
-863241
-861801
-861302
-860156
-859698
-856570
-855658
-853024
-851655
-850821
-850672
-849451
-841282
-839270
-838333
-836425
-834709
-828614
-826303
-817176
-816317
-813465
-813371
-809021
-808840
-804382
-803651
-803377
-803056
-798543
-796289
-792103
-791514
-791105
-789537
-784599
-784461
-782530
-781415
-780031
-779834
-776316
-772035
-771389
-769330
-766022
-765460
-763450
-762241
-759751
-758908
-758436
-757820
-756821
-754430
-754294
-752722
-752379
-751080
-750910
-750043
-745430
-741372
-738831
-736789
-736189
-733354
-730288
-729923
-728842
-727923
-727234
-724381
-721302
-720207
-720041
-718642
-718500
-718314
-716868
-716759
-714038
-710955
-706124
-705182
-704850
-704358
-702111
-702092
-699978
-699338
-698012
-696774
-692573
-690167
-685631
-684253
-681087
-679332
-675527
-675523
-675199
-674393
-672373
-671477
-665940
-664407
-664169
-663873
-661330
-658807
-658577
-657656
-657359
-655402
-655097
-653122
-653021
-652137
-651762
-651472
-650751
-650645
-649225
-647169
-645919
-644800
-643415
-641838
-636794
-631988
-622510
-622389
-621496
-616157
-614842
-614380
-612744
-610803
-610452
-607770
-606799
-602937
-602822
-601610
-600661
-598100
-592594
-589660
-589655
-589465
-583234
-581080
-579947
-576217
-569985
-568827
-568445
-568309
-567740
-561575
-560035
-559787
-559666
-558481
-557517
-557438
-555835
-555010
-551156
-548733
-548073
-547279
-546367
-543890
-538523
-537888
-536701
-535806
-529470
-529382
-527315
-522740
-520801
-514475
-511298
-510692
-507723
-506817
-501296
-491908
-491250
-491096
-487998
-487796
-485752
-484757
-483933
-481423
-480910
-478271
-475437
-473847
-473783
-469653
-468612
-468408
-465086
-463889
-463433
-462536
-460223
-457238
-456307
-456244
-455986
-455707
-449099
-447172
-440535
-434017
-429001
-428431
-427013
-426966
-423179
-423102
-422794
-422337
-416729
-416065
-415811
-415385
-415383
-412082
-410156
-409493
-404787
-402648
-397973
-396632
-394655
-386635
-386451
-385996
-385744
-385023
-382759
-382234
-380915
-373020
-371794
-367533
-365571
-362627
-360199
-358609
-356685
-355545
-352857
-351971
-351417
-350008
-347029
-346819
-345937
-338865
-338585
-338023
-336994
-336704
-335238
-331144
-329568
-326979
-324010
-322763
-319759
-316835
-316367
-315679
-315201
-314563
-313483
-310524
-310418
-310399
-309208
-308455
-308398
-306984
-305829
-300472
-297210
-295382
-294923
-294242
-293827
-292881
-284279
-282662
-278876
-276968
-276552
-276372
-275626
-275302
-273135
-269974
-268777
-267783
-267001
-264734
-263461
-262124
-260752
-257526
-256965
-256944
-254196
-253257
-244302
-243601
-243402
-242017
-238544
-238488
-236423
-235960
-234758
-229109
-228195
-226345
-222273
-219350
-218201
-213609
-205771
-204823
-196881
-196461
-194303
-191197
-189396
-189225
-186098
-186037
-184893
-180347
-179942
-178391
-175434
-172851
-166104
-165549
-165059
-161856
-159597
-156458
-156045
-150237
-148946
-146633
-145037
-143607
-143308
-143167
-141433
-140959
-138809
-137383
-136802
-133587
-132453
-130417
-125971
-125240
-123989
-118917
-116522
-115737
-115025
-107282
-104860
-102295
-90872
-89980
-89655
-87165
-84633
-84433
-81398
-78657
-77686
-76560
-74366
-73828
-71197
-70411
-66487
-65298
-64832
-64484
-63563
-62639
-62032
-61040
-60423
-59757
-59737
-59495
-55748
-53870
-52487
-50817
-47260
-45816
-45333
-42781
-37108
-35839
-29331
-28723
-25441
-24472
-24304
-23262
-21950
-20804
-19801
-16874
-15920
-14272
-12844
-10303
-9224
-7807
-6671
-3422
-1982
-1951
-1671
-169
1445
3691
4638
9611
11838
12969
13899
13957
14097
16584
17310
19371
25447
27371
28298
28632
33147
33561
34315
34724
37226
38890
41317
41710
42719
42779
51445
54237
54685
55711
55876
56488
57471
61127
63289
69138
71979
78140
78256
78358
84492
86625
86752
87000
87708
92618
97409
98388
103617
104252
106439
108372
108811
110109
122373
125990
127418
127853
129212
129989
132426
135205
135855
141771
142221
143789
143961
146539
152355
156913
160793
166347
170413
172423
174277
179787
182840
186566
189360
192152
195070
195959
196043
198973
199526
200283
202787
202862
205201
205646
207652
209517
210195
210776
211174
215756
215959
221106
222780
223488
224817
226099
226460
232496
240850
242614
249221
249697
254588
254834
256208
256519
256527
257347
257906
258391
261326
266188
267784
270762
271121
272697
274352
277393
279085
280097
280295
282433
283922
287866
288107
288766
288851
293517
294348
298051
298075
300483
300608
301820
303889
304209
306422
308190
309964
316383
327421
328808
334899
335932
338158
338908
339135
342699
354043
354988
355660
360990
361181
362479
368992
370488
372446
372740
373073
375387
375409
376189
377199
377608
378176
379335
379921
380509
381601
381828
382552
383937
385830
387122
387389
389747
390010
390925
391148
392272
395088
397184
403681
404801
405700
405961
410789
411079
412833
415890
416342
416831
418246
419954
420351
421878
425617
427132
431423
431468
433182
433303
433441
433711
434799
437778
438800
442372
442810
444705
445457
447055
447685
449193
450539
451051
452596
455463
456175
456510
463591
466852
468932
470790
472185
472680
476188
476493
478138
479555
479643
480340
481754
482558
483428
483781
484210
488228
491384
493399
495188
501335
505309
506496
506911
508599
509933
511524
511652
514480
521199
521311
521670
521709
525228
526970
528163
534408
541297
545697
545782
548713
549210
552007
553904
555143
556402
557316
559410
561610
566266
572607
573776
582402
583522
584627
585298
591383
592764
592772
593309
596533
597859
599709
600294
600959
604199
604442
605756
606271
606624
606883
607115
607768
614491
615350
616231
620897
624479
628671
631309
631744
632471
632712
632721
634901
636487
637908
648087
649243
654457
662105
662545
662781
664522
670830
671382
673511
677936
680016
681904
683502
683568
685013
686021
688776
692556
698393
698536
698768
704030
704474
705169
705975
706899
708941
710877
714145
714198
715105
716770
717067
720021
720157
720677
731013
731022
733340
739854
744169
745442
745824
746109
747347
749898
752698
756714
758707
764978
765125
765601
767340
768293
768352
768732
769940
770196
775054
777239
778338
780817
781866
782956
784603
790410
792441
800341
802626
804900
804990
805634
805726
811829
812993
813921
814263
814394
814589
814961
815356
817382
818183
818192
822580
824387
827655
831504
833967
838976
839212
841328
841978
842007
842959
845264
847911
848761
853550
854452
854759
857628
857734
862638
867432
867556
868641
871137
872725
881139
883093
884501
886136
886665
888404
889018
890009
890949
891118
895484
896518
898400
899695
901066
912891
913932
914559
916674
918469
919382
931980
932359
933573
935090
936566
937024
942810
944578
946386
952727
952738
952766
956896
961616
962056
966793
967221
968330
969215
970434
972331
972653
974178
975281
975881
979355
982477
984435
993308
995398
995947
997390
997460
998530
999135
