-968455
-953443
-952067
-949084
-930121
-879757
-878312
-847415
-832467
-825728
-816266
-812488
-811060
-794191
-771753
-742326
-696876
-695951
-618067
-612748
-587085
-583152
-572259
-553265
-550386
-468156
-466147
-436509
-422286
-406237
-402630
-387115
-359850
-352648
-339689
-318277
-284086
-273964
-257064
-254968
-254741
-228512
-195703
-146983
-134120
-97368
-77517
-69272
-52119
-30955
11635
14644
17304
17994
20388
28097
45879
92364
98985
127062
141553
153236
180053
191005
243602
277458
293402
296109
333583
345338
378479
389006
405318
419739
429706
434193
445923
456392
525450
579417
579924
592179
601589
671788
674777
721282
738648
739438
764827
786095
798580
800624
813251
823467
856315
866733
913955
939980
950510
982232
