-999744
-999736
-999705
-999476
-999010
-999001
-998699
-998448
-998314
-997905
-997692
-997668
-997646
-997566
-997386
-997258
-997158
-997143
-997142
-997117
-996598
-996049
-996017
-996013
-995826
-995604
-995525
-995197
-994935
-994840
-994300
-994066
-993965
-993651
-993640
-993586
-993141
-993040
-992807
-992797
-992499
-992330
-991997
-991757
-991601
-991507
-991193
-991170
-991106
-991076
-990613
-990603
-990199
-989598
-989380
-989372
-989281
-989222
-989192
-989110
-989043
-989026
-988750
-988649
-988411
-987923
-987711
-987054
-986954
-986649
-986433
-986366
-985812
-985506
-984941
-984766
-984612
-984408
-984005
-983665
-983377
-983028
-982702
-982675
-982451
-982009
-981595
-981587
-981586
-981548
-981371
-981242
-980829
-980777
-980638
-980523
-980446
-980136
-979934
-979804
-979684
-979007
-978907
-978528
-978158
-978049
-977678
-977632
-977630
-977605
-977529
-977526
-977168
-977059
-977013
-976356
-976334
-976233
-976085
-975782
-975696
-974915
-974728
-974518
-974151
-973877
-973836
-973811
-973214
-973165
-973042
-973004
-972676
-972660
-972419
-972370
-972258
-972092
-972082
-971830
-971681
-971487
-970842
-970485
-970444
-970403
-970306
-970165
-969993
-969941
-969731
-969560
-969490
-969399
-969363
-969250
-969133
-969058
-969006
-968946
-968813
-968427
-968356
-968325
-968303
-968278
-968272
-968267
-968254
-968180
-968146
-968123
-967933
-967776
-967687
-967660
-967620
-967133
-966264
-966002
-965999
-965876
-965586
-965560
-965405
-964968
-964826
-964808
-964788
-964512
-964381
-964323
-964045
-963963
-963692
-963369
-963215
-963187
-963186
-963033
-962546
-962540
-962466
-962257
-962180
-961715
-961559
-961320
-961125
-960663
-960640
-960349
-960254
-960068
-960027
-958929
-958537
-958392
-958298
-957922
-957728
-957700
-957048
-956977
-956804
-956632
-956586
-956490
-956454
-956339
-956282
-956215
-956115
-956049
-955952
-955285
-955265
-954284
-954282
-953492
-953464
-953129
-952527
-952493
-952367
-952252
-952247
-952142
-952095
-951606
-951387
-951286
-951259
-950879
-950747
-950699
-950698
-950696
-950475
-950464
-950416
-950332
-950176
-949927
-949431
-949324
-949312
-949053
-948685
-948658
-948637
-948586
-948538
-948522
-948476
-948234
-948106
-947826
-947509
-947390
-947367
-947318
-947291
-947115
-946700
-946646
-946220
-946204
-946003
-945987
-945977
-945903
-945895
-945688
-945448
-945443
-945412
-945401
-945387
-945287
-945216
-944958
-944815
-944725
-944569
-944379
-944128
-943843
-943739
-943437
-943310
-943242
-943178
-942472
-942417
-942149
-941846
-941838
-941654
-941613
-941589
-941471
-941426
-941351
-941313
-940967
-940604
-939845
-939459
-939198
-939134
-938806
-938777
-938668
-938442
-938230
-938219
-937746
-937212
-936823
-936754
-936491
-936419
-936390
-936163
-936015
-935842
-935434
-935408
-935383
-935269
-935202
-935188
-935056
-934955
-934629
-934220
-934127
-934025
-933934
-933665
-933552
-933551
-933275
-933208
-932880
-932617
-932558
-932512
-932481
-932348
-932336
-932274
-931717
-931282
-931048
-931024
-930729
-930579
-930426
-929981
-929906
-929388
-929333
-928968
-928484
-928423
-928171
-927906
-927898
-927738
-927711
-927582
-927418
-927144
-926850
-926692
-926113
-925984
-925507
-925106
-925067
-925020
-924944
-924521
-924240
-923947
-923865
-923833
-923794
-923767
-923565
-923407
-923024
-922828
-922376
-922334
-922119
-921780
-921700
-921687
-921614
-921519
-921221
-921082
-920578
-920255
-920110
-919303
-919085
-919076
-918847
-918440
-918360
-918344
-918183
-918125
-917981
-917900
-917735
-917547
-916585
-916523
-916520
-916387
-916142
-915821
-915716
-915286
-915266
-915247
-915240
-915008
-914978
-914918
-914859
-914841
-914223
-914069
-913994
-913881
-913775
-913736
-913690
-913685
-913582
-913436
-912920
-912600
-912379
-912207
-912008
-911614
-911385
-911362
-911265
-911040
-911008
-910642
-910573
-910423
-910252
-910107
-909819
-909527
-909462
-909277
-909050
-909022
-908251
-908139
-907674
-907667
-907011
-906949
-906369
-906215
-906047
-905926
-905845
-905824
-905626
-905577
-905534
-905382
-905010
-904839
-904609
-904286
-904075
-904012
-903879
-903737
-903734
-903219
-902888
-902818
-902561
-902499
-902428
-902421
-902041
-901258
-901098
-900477
-900448
-900293
-899962
-899928
-899910
-899804
-899699
-899448
-899350
-899064
-898841
-898360
-897866
-897774
-897637
-896490
-896445
-896296
-895778
-895522
-895343
-895220
-895218
-895119
-894562
-894404
-894339
-894316
-894292
-894107
-894058
-894011
-893350
-892991
-892628
-892322
-891901
-891269
-891224
-891182
-890870
-890525
-889953
-889766
-889665
-889595
-889294
-889206
-889156
-889137
-888876
-888814
-888794
-888489
-888066
-887806
-887304
-887031
-886961
-886853
-886847
-886751
-886741
-886604
-886464
-885772
-885600
-885481
-885453
-885299
-884203
-884139
-883739
-883282
-882950
-882943
-882935
-882842
-882818
-882652
-882608
-882563
-882247
-882119
-882032
-881777
-880989
-880876
-880778
-880497
-880265
-880115
-879977
-879565
-879564
-879240
-879029
-878932
-878913
-878654
-878577
-878468
-877885
-877807
-877796
-876863
-876708
-876426
-876317
-875733
-875525
-874334
-873781
-873618
-873419
-873375
-873360
-873298
-873194
-872550
-872180
-872162
-871783
-871639
-871411
-871275
-871167
-870720
-870643
-870229
-870193
-869605
-869601
-869438
-869330
-869294
-868467
-868450
-868299
-868087
-867844
-867018
-866765
-866623
-866256
-866246
-866241
-866183
-866123
-865981
-865831
-865509
-865186
-865143
-865137
-865030
-864980
-864932
-864928
-864815
-864793
-864610
-864580
-864324
-864207
-863902
-863828
-863324
-863153
-863086
-863075
-863045
-862615
-862576
-861985
-861972
-861802
-861729
-861508
-861417
-860976
-860738
-860720
-860658
-860414
-860088
-860007
-859640
-859041
-858956
-858921
-858666
-858644
-858616
-858521
-858450
-858443
-858187
-857878
-857865
-857575
-857285
-857284
-857182
-856976
-856770
-856647
-856591
-856409
-856406
-856332
-856104
-856074
-856065
-855652
-855307
-854975
-854902
-854599
-854508
-854476
-854089
-854074
-853928
-853744
-853566
-853338
-853043
-852985
-852895
-852878
-852616
-852431
-852189
-852171
-851879
-851814
-851647
-850224
-849890
-849705
-849368
-849275
-849184
-849028
-848674
-848491
-848268
-848268
-848141
-847975
-847767
-847620
-847308
-847255
-847191
-847135
-847092
-847037
-847015
-846837
-846820
-846746
-846615
-846608
-846434
-846266
-846102
-845604
-845389
-845187
-844894
-844390
-844284
-844261
-844170
-844154
-843863
-843830
-843280
-843262
-842787
-842757
-842724
-842695
-842362
-841897
-841892
-841822
-841509
-841082
-841030
-840963
-840813
-840516
-840230
-840157
-840068
-839861
-839826
-839641
-839608
-839578
-839503
-839371
-839344
-839273
-838602
-838208
-838028
-837890
-837619
-837095
-837068
-836919
-836383
-836216
-836054
-835451
-835013
-835009
-834842
-834736
-834414
-834207
-833304
-833151
-833128
-832857
-832504
-832091
-831432
-831238
-831217
-831011
-830408
-829918
-829720
-829690
-829452
-829382
-828870
-828565
-828352
-828112
-828086
-828013
-827724
-827126
-826933
-826681
-826411
-826160
-825788
-824910
-824603
-824544
-824488
-824364
-824263
-823972
-823704
-823401
-823313
-823303
-823273
-823231
-822581
-822380
-822112
-822045
-821746
-821603
-821552
-821396
-821252
-821131
-820335
-820309
-820188
-819977
-819586
-819266
-819235
-819146
-819050
-819019
-819013
-818981
-818903
-818820
-818618
-818256
-818118
-817816
-816809
-816298
-816275
-816082
-815923
-815796
-815176
-815140
-815112
-814984
-814870
-814720
-814472
-814283
-814169
-813842
-813410
-813297
-813245
-813202
-813192
-812985
-812910
-812611
-812546
-812138
-811921
-811602
-811400
-811009
-810868
-810767
-810682
-810374
-810314
-809674
-809672
-809668
-809640
-808883
-808364
-808279
-807997
-807887
-807688
-807319
-807022
-806960
-806571
-806243
-806235
-806068
-806061
-805693
-805623
-805556
-805026
-804879
-804775
-804752
-804627
-804237
-804224
-804143
-803871
-803741
-803649
-803514
-803419
-803413
-803377
-803356
-803263
-803198
-802809
-802690
-802676
-802498
-801755
-801661
-801591
-801541
-801130
-800193
-800162
-799995
-799656
-799412
-798997
-798947
-798657
-798632
-798624
-798618
-798409
-798314
-798054
-797621
-797575
-797437
-797176
-796994
-796709
-796210
-796137
-796078
-795989
-795749
-795324
-795070
-794769
-794533
-793896
-793889
-793541
-793484
-793396
-792559
-792533
-792279
-792213
-792105
-791875
-791729
-791336
-791099
-790734
-790546
-790453
-790061
-789819
-789784
-789448
-789407
-788988
-788733
-788667
-787824
-787616
-787520
-787136
-786838
-786531
-786049
-786042
-786017
-785993
-785837
-785692
-785611
-784959
-784284
-784071
-783900
-783626
-783551
-783183
-782579
-782515
-782194
-782085
-782045
-781775
-781750
-781538
-781455
-781301
-781104
-780919
-780699
-780088
-780007
-780002
-779983
-779846
-779737
-777799
-777725
-777645
-776522
-776451
-776406
-776349
-776194
-775816
-775722
-775397
-775227
-774881
-774849
-774660
-774391
-774323
-774296
-774287
-774188
-774096
-773489
-773401
-773281
-773184
-772840
-772390
-772251
-771893
-771557
-771087
-770621
-770505
-770429
-770346
-770193
-770109
-770062
-769797
-769634
-769462
-769428
-768898
-768766
-768430
-768379
-768377
-768276
-767926
-767870
-767842
-767766
-767708
-767690
-767580
-767529
-767438
-767095
-767023
-766903
-766583
-766582
-766567
-766536
-765928
-765779
-765770
-765651
-765624
-765377
-765365
-765074
-764686
-764612
-764512
-764112
-764096
-763994
-763901
-763883
-763755
-763643
-763507
-763245
-763034
-762899
-762549
-762520
-762481
-762105
-761442
-761393
-760947
-760835
-760596
-760473
-760386
-760285
-760131
-759959
-759520
-759173
-759095
-758886
-758753
-758604
-758575
-758545
-758356
-758171
-757946
-757921
-757734
-757657
-757593
-757394
-757017
-756825
-756676
-756532
-756487
-756448
-756386
-756340
-756258
-755831
-755790
-755613
-755584
-755295
-755077
-754750
-754738
-754491
-754199
-754144
-754028
-753749
-753554
-753466
-753274
-753178
-752374
-751796
-751778
-751613
-751336
-751108
-751062
-750962
-750550
-750333
-750204
-748981
-748597
-748430
-748413
-748393
-748236
-748188
-748022
-747855
-747804
-747696
-747483
-747444
-747363
-747109
-746909
-746804
-746599
-746488
-746431
-746419
-746129
-745929
-745153
-744959
-744750
-744724
-743550
-743439
-743386
-743380
-742827
-742822
-742775
-742701
-742583
-742551
-742480
-742190
-742076
-741820
-741603
-741184
-741022
-740978
-740897
-740737
-740292
-740262
-740262
-740165
-740085
-740014
-739917
-739868
-739384
-739381
-739140
-738909
-738359
-737803
-737758
-737737
-737722
-737615
-737587
-737421
-736472
-736388
-736352
-736133
-736032
-736012
-735805
-735395
-734804
-734677
-734669
-734665
-734647
-734069
-734054
-733740
-733601
-732989
-732529
-732527
-732276
-731916
-731914
-731882
-731874
-731449
-731438
-731017
-730447
-730401
-730154
-729940
-729666
-729540
-729381
-729342
-728967
-728750
-728346
-728329
-728288
-728111
-728065
-727758
-727576
-727472
-727265
-726970
-726743
-726646
-726544
-726482
-726339
-726188
-726171
-725756
-725725
-725558
-725288
-724798
-724475
-724324
-723985
-723806
-723699
-723568
-723374
-723295
-723120
-722967
-722836
-722170
-722024
-721953
-721858
-721448
-720892
-720172
-719580
-719546
-719384
-719151
-719076
-718820
-718719
-718701
-718417
-718333
-718159
-717903
-717543
-717262
-716979
-716914
-716630
-716439
-716392
-716366
-716213
-716126
-716027
-715804
-715689
-715673
-715533
-715175
-714919
-714743
-714571
-714535
-714491
-714299
-714280
-714000
-713975
-713822
-713642
-713413
-713144
-713108
-712922
-712893
-712838
-712643
-712593
-712592
-712571
-712568
-712443
-712381
-711822
-711684
-711106
-710741
-710351
-710342
-710192
-710093
-709853
-709517
-709423
-709210
-708935
-708929
-708905
-708712
-708561
-708311
-707947
-707817
-707244
-706926
-706887
-706844
-706779
-706739
-706221
-706033
-705977
-705912
-705850
-704946
-704926
-704691
-704630
-704390
-704368
-704086
-704053
-703740
-703549
-703326
-703115
-703064
-703039
-702788
-702592
-702503
-702261
-702142
-702122
-702101
-701997
-701518
-701461
-701385
-701050
-700948
-700599
-700264
-699800
-699629
-699517
-699461
-698345
-698313
-698205
-698088
-698058
-697881
-697651
-697603
-697381
-697054
-696821
-696785
-696667
-696613
-696185
-696069
-695743
-694899
-694795
-694746
-694402
-694383
-694228
-694127
-693857
-693553
-693526
-693458
-693425
-693343
-692955
-692863
-692736
-692494
-692299
-691849
-691799
-691690
-691591
-691579
-691523
-691514
-691403
-691299
-690980
-690958
-690917
-690728
-690703
-690585
-690580
-690408
-690041
-689842
-689833
-689442
-689326
-689324
-689263
-688924
-688641
-688435
-688169
-687763
-687678
-687394
-687388
-687116
-687091
-686427
-686222
-685349
-685236
-685214
-684912
-684842
-684809
-684799
-684746
-684537
-684436
-684365
-684324
-684232
-684144
-683981
-682341
-682133
-681537
-681454
-681324
-681230
-681110
-680995
-680926
-680908
-680894
-680548
-680469
-680297
-680012
-679973
-679709
-679675
-679463
-678865
-678832
-678798
-678773
-678326
-678302
-678233
-678004
-677745
-677710
-677681
-677142
-677126
-677012
-676907
-676688
-676656
-676474
-676259
-676120
-676078
-675939
-675872
-675868
-675862
-675841
-675717
-675597
-675108
-675048
-675030
-674559
-674507
-674458
-674165
-673950
-673606
-673494
-673430
-673298
-673283
-673028
-672974
-672914
-672851
-672546
-672198
-671675
-671596
-671349
-671082
-671081
-671030
-670748
-670583
-670508
-670368
-670273
-670029
-669952
-669798
-669674
-668866
-668356
-668246
-667762
-667580
-667484
-667464
-667429
-667373
-667250
-667104
-666982
-666813
-666451
-666103
-665995
-665652
-665627
-665605
-665579
-665316
-665294
-665184
-664660
-664335
-664258
-664218
-664165
-663776
-663494
-662970
-662953
-662673
-662220
-662217
-661095
-660816
-660541
-660313
-660159
-659952
-659767
-659107
-659063
-658934
-658895
-658659
-658302
-658292
-657871
-657594
-657439
-656684
-655946
-655628
-655599
-655473
-655365
-655166
-655133
-654922
-654792
-654727
-654303
-654145
-654117
-654103
-653249
-653209
-652972
-652304
-652234
-652032
-652000
-651935
-651801
-651788
-651531
-650811
-650190
-650163
-650099
-650018
-649605
-649599
-649422
-649408
-648573
-648321
-648315
-648027
-647909
-647442
-647433
-647207
-646861
-646816
-646742
-646541
-646485
-646175
-646104
-646052
-645963
-645898
-645855
-645783
-645677
-644969
-644716
-644495
-644490
-644061
-644056
-644014
-643977
-643672
-643568
-643070
-642540
-642113
-642111
-642074
-641973
-641270
-640963
-640904
-640882
-640705
-640260
-640198
-639992
-639801
-639723
-639314
-638908
-638832
-638806
-638703
-638488
-638432
-638401
-638383
-638210
-638172
-638009
-637771
-637656
-637623
-637482
-637361
-637190
-636952
-636880
-636770
-636404
-635876
-635840
-635789
-635747
-635524
-635338
-635098
-635025
-634522
-634216
-633949
-633931
-633642
-633639
-633514
-633284
-632826
-632702
-631746
-631629
-631616
-631511
-631423
-630488
-630207
-630100
-630082
-629232
-629193
-629142
-629056
-628993
-628900
-628584
-628475
-628258
-628130
-627944
-627828
-627736
-627354
-626803
-626593
-626478
-626403
-626036
-625995
-625738
-625714
-625624
-625531
-625450
-624891
-624841
-624727
-624576
-623770
-623742
-623472
-623283
-623224
-623145
-623091
-622732
-622647
-622293
-622225
-621475
-621380
-621320
-621170
-620938
-620603
-619737
-619457
-619232
-619055
-618802
-618739
-618721
-618468
-618167
-617937
-617576
-617481
-616738
-616695
-616289
-616156
-616057
-615918
-615648
-615547
-615302
-615206
-615087
-613900
-613840
-613363
-613320
-612819
-612594
-612590
-612519
-612321
-612305
-612298
-612177
-612111
-611890
-611703
-611642
-611571
-611323
-611128
-611061
-610492
-610468
-609923
-609789
-609672
-609618
-609589
-609174
-608921
-608894
-608887
-608840
-608405
-607985
-607905
-607746
-607718
-607165
-607035
-606718
-606444
-606265
-605812
-605700
-605676
-605477
-605097
-604869
-604426
-604422
-604286
-604183
-604136
-603975
-603623
-603082
-603048
-602679
-602581
-602581
-602463
-602384
-602270
-600711
-600687
-600308
-600292
-600169
-600004
-599872
-599750
-599620
-599550
-599273
-598770
-598644
-598446
-598442
-598275
-598069
-597985
-597836
-597323
-597284
-597280
-597264
-597253
-597217
-597142
-597041
-596946
-596530
-596429
-596155
-595934
-595757
-595592
-595579
-595382
-594414
-594151
-593990
-593972
-593912
-593537
-593532
-593256
-592910
-592882
-592550
-592510
-592269
-592232
-591816
-591785
-591638
-591353
-591288
-590997
-590839
-590771
-590712
-590444
-590398
-590320
-589738
-589693
-589547
-589490
-589321
-588807
-588540
-588499
-588426
-588386
-588144
-588091
-588081
-588013
-587928
-587914
-587885
-587854
-587702
-587446
-587216
-587057
-587003
-586916
-586852
-586798
-586506
-586408
-586269
-586213
-585965
-585958
-585350
-585271
-584943
-584810
-584166
-584033
-583955
-583651
-583485
-583358
-583092
-582674
-582587
-582212
-581652
-581578
-581522
-581404
-581355
-581204
-581194
-580913
-580742
-580675
-580397
-580293
-580155
-580112
-579540
-579480
-579323
-579141
-578230
-577973
-577812
-577749
-577535
-576760
-576313
-576097
-576030
-575932
-575648
-575565
-575434
-575416
-575357
-575154
-574860
-574628
-574515
-574283
-574100
-574069
-573988
-573693
-573025
-572811
-572627
-572494
-572396
-572058
-571972
-571883
-571872
-571853
-571754
-571653
-571623
-571444
-571382
-570899
-570880
-570639
-570352
-569910
-569697
-569469
-569230
-568966
-568867
-568602
-568516
-568161
-568120
-567923
-567760
-567658
-567625
-567546
-567248
-566895
-566667
-566666
-566641
-566156
-565735
-565569
-565455
-565418
-565414
-565306
-565112
-564669
-564496
-564433
-564363
-564319
-564240
-564093
-563598
-563564
-563409
-563323
-563230
-562923
-562862
-561978
-561799
-561664
-561647
-561453
-561084
-560214
-559784
-559727
-559280
-559245
-559163
-559029
-558617
-558087
-557771
-557573
-557371
-557329
-557214
-557167
-556967
-556664
-555950
-555867
-555825
-555763
-555568
-555224
-554727
-554669
-554646
-554328
-554134
-553758
-553638
-553582
-553363
-553342
-552882
-552826
-552817
-552737
-552676
-552628
-552494
-552398
-552366
-552149
-551911
-551808
-551771
-551675
-551647
-551644
-551434
-551033
-550616
-550540
-549651
-549651
-549449
-549443
-549196
-549035
-548851
-548675
-548495
-548283
-548115
-548088
-548021
-547755
-547751
-547541
-546986
-546917
-546759
-546700
-546430
-546270
-546209
-546148
-546084
-545947
-545828
-545825
-545505
-545069
-544907
-544903
-544574
-544136
-544014
-543933
-543844
-543726
-543673
-543188
-542566
-542535
-542406
-542216
-542173
-542144
-542142
-542034
-541648
-541558
-541233
-541141
-540723
-540634
-540549
-540490
-540004
-539950
-539706
-538867
-538577
-538251
-538249
-538248
-538209
-538087
-538064
-538029
-537819
-537745
-537341
-537241
-537192
-537173
-537058
-536991
-536890
-536806
-536749
-536709
-536622
-536535
-536528
-536258
-535944
-535890
-535624
-535605
-535390
-535370
-535269
-535245
-534981
-534856
-534674
-534479
-534236
-534204
-534190
-534147
-534023
-533943
-533916
-533617
-533549
-533516
-533497
-533452
-533286
-533005
-532985
-532685
-532621
-532582
-532497
-532371
-532181
-532115
-531979
-531848
-531780
-531509
-531299
-531138
-531088
-530975
-530779
-530709
-530507
-530235
-530189
-530136
-529438
-528978
-528927
-528876
-528416
-528362
-528204
-527535
-527184
-527129
-526991
-526791
-526562
-526302
-525863
-525667
-525258
-524927
-524913
-524759
-524522
-524474
-524459
-524421
-524111
-523812
-523526
-523457
-523099
-522963
-522588
-522461
-522326
-522195
-522085
-521729
-521611
-521594
-521289
-521254
-520958
-520856
-520775
-520659
-520654
-520468
-520452
-520395
-519765
-519717
-519663
-519074
-518969
-518949
-518907
-518810
-518543
-518493
-518440
-518216
-517973
-517775
-517511
-516798
-516637
-516491
-516331
-516013
-515989
-515860
-515840
-515763
-515755
-515549
-515545
-515458
-515369
-515209
-515190
-515140
-515040
-514909
-513939
-513851
-513582
-513341
-513229
-512955
-512897
-512623
-512294
-511655
-511648
-511454
-511385
-511099
-510664
-510637
-510576
-509973
-509667
-509650
-509337
-509194
-508647
-508500
-508229
-507771
-507254
-506906
-506877
-506536
-506257
-506228
-506044
-506035
-505986
-505601
-505367
-505355
-505185
-504894
-504800
-504799
-504495
-504357
-504352
-503983
-503687
-503521
-503325
-503012
-502686
-502457
-502422
-501994
-501826
-501738
-501647
-501572
-501569
-501501
-501253
-501227
-501052
-501012
-500630
-500626
-500503
-500401
-500267
-500043
-499890
-499450
-499353
-499338
-499308
-499079
-498782
-498616
-498464
-498462
-498394
-497904
-497321
-497311
-497099
-496896
-496874
-496771
-496714
-496671
-496582
-496410
-496233
-496216
-496202
-496186
-496101
-496004
-495629
-495604
-494963
-494768
-494732
-494206
-494037
-493827
-493796
-493617
-493577
-493538
-493500
-493197
-492666
-492450
-492404
-492275
-492263
-492027
-491846
-491675
-491487
-491280
-490872
-490434
-490334
-490278
-490012
-489874
-489806
-489125
-488921
-488671
-488593
-488502
-487872
-487870
-487782
-487552
-487513
-487512
-487180
-487031
-487010
-486824
-486796
-486601
-486178
-485981
-485898
-485654
-485595
-485534
-485363
-485207
-484850
-484290
-484209
-483872
-483529
-483082
-483077
-482940
-482932
-482815
-482420
-482223
-482122
-482050
-482048
-481985
-481934
-481902
-481578
-481447
-480878
-480849
-480762
-480563
-480539
-480252
-480218
-480072
-479601
-479391
-479356
-479232
-479191
-479000
-478897
-478843
-478471
-477916
-477844
-477401
-477059
-477022
-476991
-476920
-476364
-476339
-475768
-475661
-475334
-475269
-475017
-474942
-474926
-474814
-474701
-474641
-474140
-474108
-473801
-473684
-473619
-473603
-473199
-473128
-473110
-473036
-473017
-472834
-472398
-472196
-472194
-471286
-470773
-470763
-470366
-469913
-469716
-469685
-469622
-469407
-469187
-468871
-468711
-468390
-468131
-468002
-467922
-467391
-467340
-467227
-466718
-466528
-466447
-465965
-465893
-465646
-465518
-465387
-465333
-464758
-464532
-464361
-464323
-464263
-464261
-463717
-463412
-463358
-463160
-463149
-463021
-462498
-462331
-462133
-461973
-461960
-461881
-461863
-461747
-461642
-461615
-461541
-461507
-461494
-461390
-461307
-461207
-460573
-460553
-460517
-460448
-459982
-459538
-459444
-459430
-459328
-459289
-459188
-459115
-458805
-458767
-458563
-458552
-458193
-457870
-457214
-457203
-456848
-456626
-456248
-455727
-455198
-455105
-454621
-454321
-454016
-453907
-453891
-453749
-453522
-453353
-452614
-452609
-452566
-452520
-452413
-452379
-452365
-452251
-452174
-452038
-451892
-451833
-451818
-451378
-451322
-451281
-451190
-451062
-450903
-450859
-450747
-450701
-450640
-449866
-449860
-449348
-449283
-449221
-449139
-448866
-448788
-448227
-448181
-448114
-447908
-447665
-447589
-447440
-446728
-446675
-446675
-446587
-446427
-446265
-446120
-446080
-445988
-445288
-445044
-444864
-444824
-444756
-444734
-444607
-444596
-444471
-444023
-443965
-443908
-443781
-443335
-443330
-443158
-443122
-443120
-442876
-442818
-442272
-442166
-441880
-441761
-441706
-441639
-441628
-441463
-441447
-441237
-441223
-441206
-441040
-440995
-440407
-440323
-439771
-439536
-439114
-439001
-438961
-438827
-438737
-438249
-437941
-437892
-437860
-437615
-437465
-436848
-436813
-436565
-436528
-436288
-436015
-435845
-435788
-435271
-435061
-434887
-434877
-434679
-434326
-434280
-434159
-433999
-433871
-433835
-433648
-433563
-433324
-433225
-432659
-432647
-432585
-432189
-432043
-431894
-431834
-431633
-431389
-431316
-431127
-430942
-430772
-430736
-430657
-430335
-430217
-430161
-430134
-429962
-429725
-429637
-429563
-429511
-429488
-429196
-429113
-429094
-428864
-428633
-428515
-428117
-427949
-427826
-427784
-427518
-427058
-426681
-426430
-425405
-425371
-425049
-424881
-424779
-424371
-423266
-423253
-423077
-422859
-422793
-422739
-422283
-422006
-421985
-421417
-421232
-421206
-420913
-420834
-420715
-420681
-420653
-420429
-420413
-420412
-420381
-420199
-420181
-420091
-420088
-419969
-419859
-419599
-419287
-418760
-418262
-418106
-417929
-417864
-417350
-417319
-417240
-416985
-416912
-416334
-416262
-416071
-415974
-415687
-415642
-415524
-415171
-415128
-414914
-414588
-414498
-414480
-414341
-414112
-413999
-413981
-413912
-413864
-413835
-413550
-413309
-413042
-412649
-412400
-412357
-411645
-411533
-410544
-410493
-410471
-409961
-409703
-409335
-409264
-409068
-408861
-408766
-408727
-408544
-408245
-408218
-408175
-407972
-407885
-407871
-407160
-407003
-406990
-406790
-406585
-406398
-406350
-406303
-406034
-405663
-405527
-404762
-404547
-404545
-404081
-403927
-403760
-403434
-402394
-401869
-401796
-401769
-401540
-401400
-401395
-401035
-400936
-400907
-400666
-400407
-399994
-399963
-398979
-398936
-398839
-398770
-398615
-398210
-398094
-397547
-397532
-396984
-396718
-396685
-396290
-396099
-396086
-396014
-395736
-395679
-395461
-395393
-395351
-394826
-394727
-394516
-394198
-393851
-393750
-393701
-393383
-393153
-393082
-393055
-392912
-392617
-392035
-391835
-391646
-391527
-391389
-391328
-391071
-390999
-390881
-390568
-390462
-390419
-390308
-390226
-389724
-389482
-389258
-388803
-388574
-388538
-388530
-388380
-388353
-388273
-388233
-388176
-387978
-387842
-387525
-386904
-386443
-386415
-386338
-386294
-385928
-385303
-385264
-385077
-385050
-384936
-384867
-384740
-384681
-384147
-383619
-383585
-383582
-383496
-383387
-383342
-383293
-383022
-382959
-382953
-382607
-382417
-381400
-381130
-380858
-380693
-380509
-380350
-380334
-380311
-379899
-379612
-379188
-378953
-378652
-378608
-378184
-378130
-378042
-377494
-377039
-376863
-376852
-376826
-376631
-376441
-376236
-376179
-375752
-375541
-375248
-375210
-375174
-374522
-374404
-374237
-373942
-373775
-373658
-372727
-372237
-371874
-371653
-371493
-371464
-371198
-370913
-370907
-370688
-370411
-370321
-370277
-370021
-369686
-369573
-369274
-369177
-369036
-368580
-368506
-368230
-367740
-367572
-367451
-367351
-367058
-367041
-366765
-366582
-365974
-365974
-365957
-365872
-365867
-365640
-365360
-365047
-364485
-364464
-364187
-363967
-363743
-363730
-363704
-363407
-363031
-362996
-362674
-362601
-362301
-362172
-361971
-361814
-361798
-361757
-361439
-361385
-361379
-361159
-361156
-360834
-360618
-360485
-360247
-360092
-359449
-359002
-358761
-358682
-358186
-358101
-358007
-357431
-356996
-356865
-356804
-356370
-355987
-355947
-355747
-355706
-355459
-355429
-355410
-355229
-355126
-355029
-355011
-354977
-354912
-354534
-354503
-354424
-354396
-354386
-354230
-354140
-354085
-354057
-354019
-353954
-353880
-353808
-353735
-352952
-352838
-352825
-352785
-352237
-351770
-351646
-351580
-351542
-351454
-351260
-351252
-351224
-351160
-350755
-350465
-350336
-350273
-350010
-349802
-349718
-349630
-349612
-349520
-349475
-348430
-347728
-347582
-347434
-347306
-346189
-346020
-345970
-345732
-345433
-345037
-344703
-344696
-344693
-344565
-344488
-344404
-344351
-343847
-343547
-343526
-343179
-343141
-342909
-342821
-342345
-342260
-342253
-341503
-341336
-341330
-341170
-341119
-340935
-340763
-340240
-340088
-339376
-339269
-339229
-339023
-338795
-338569
-338529
-338414
-338359
-338254
-338206
-337912
-337849
-337611
-337456
-337439
-337272
-336524
-335946
-335775
-335445
-335174
-335168
-334890
-334747
-334698
-334550
-334485
-334187
-334032
-334031
-333808
-333250
-333056
-332819
-332741
-332649
-332538
-332320
-332290
-331904
-331835
-331740
-331590
-331468
-331314
-331239
-330935
-330811
-330808
-330498
-330484
-330437
-330357
-330302
-329974
-329851
-329846
-329718
-328934
-328917
-328721
-328652
-328526
-327616
-327543
-327522
-327470
-327365
-327088
-326636
-326124
-326114
-325685
-325435
-325301
-325257
-324920
-324882
-324726
-324620
-324273
-324129
-323994
-323818
-323615
-323573
-323450
-323175
-322875
-322851
-322680
-322557
-322552
-322279
-321974
-321933
-321894
-321696
-321359
-321358
-321158
-321100
-320775
-320422
-320372
-319821
-319429
-319367
-319288
-319239
-319107
-318977
-318162
-317603
-317543
-317509
-317320
-317107
-316978
-316579
-316549
-316524
-316323
-316105
-315973
-315773
-315426
-315244
-315044
-315035
-314729
-314326
-314280
-314079
-313933
-313413
-312833
-312752
-312626
-312612
-312573
-312566
-312009
-311742
-311695
-311592
-311356
-311291
-310952
-310490
-310401
-310315
-310186
-310173
-309984
-309577
-309358
-309138
-308820
-308630
-308618
-308383
-308248
-308214
-307962
-307929
-307857
-307820
-307592
-307477
-307237
-307147
-307096
-306689
-306286
-306226
-306112
-305310
-305065
-304890
-304770
-304380
-304231
-304131
-304094
-304043
-303895
-303724
-303390
-303371
-303355
-303146
-303025
-302994
-302915
-302705
-302638
-302452
-302431
-302390
-302383
-302313
-302232
-302102
-301943
-301692
-301370
-301291
-301172
-301101
-300302
-300229
-300199
-299577
-299531
-299087
-298922
-298894
-297915
-297527
-297371
-297264
-296781
-296723
-296350
-295776
-294794
-294693
-294578
-293720
-293599
-293539
-293425
-292771
-292650
-292650
-292434
-292054
-291846
-291648
-290854
-290651
-290187
-290036
-289845
-289801
-289771
-289736
-289678
-289487
-289351
-289251
-289127
-288539
-288481
-288375
-288027
-288003
-287990
-287744
-287446
-287136
-287065
-286729
-286390
-286094
-286018
-285530
-285430
-285308
-285152
-284478
-284295
-283851
-283233
-283198
-283003
-282998
-282984
-282926
-282748
-282655
-282585
-282440
-282411
-282311
-281747
-281396
-281321
-280950
-280677
-280549
-280471
-280367
-280317
-279855
-279481
-279430
-279270
-278205
-278183
-277758
-277748
-277551
-277163
-277148
-277039
-276782
-276638
-276496
-276098
-275816
-275783
-275264
-274904
-274623
-273991
-273830
-273554
-273336
-273205
-272870
-272593
-272578
-272531
-272521
-271988
-271876
-271800
-271729
-271714
-271671
-271525
-271487
-271440
-271363
-270941
-270854
-270811
-270676
-270665
-270298
-270171
-269917
-269862
-269848
-269675
-268794
-268518
-268360
-268124
-267907
-267435
-267116
-267003
-266916
-266632
-266266
-266234
-266129
-265695
-265683
-265677
-265561
-265492
-265265
-265034
-264877
-264571
-264269
-264220
-263803
-263742
-263397
-263231
-263079
-262640
-262615
-262489
-262296
-261951
-261397
-261380
-261019
-261015
-260976
-260960
-260810
-260803
-260563
-260485
-260316
-260083
-259439
-259142
-258075
-257998
-257551
-257464
-257423
-257417
-257407
-257003
-256513
-256513
-256298
-256058
-255443
-255407
-255322
-255254
-255157
-254994
-254912
-254810
-254718
-253817
-253598
-253449
-253051
-252624
-252610
-252052
-251642
-251556
-251405
-251181
-250513
-250019
-249234
-249092
-248963
-248652
-248340
-248187
-248158
-248151
-248058
-247754
-247336
-247260
-246851
-246843
-246735
-246439
-246433
-246387
-246244
-245870
-245832
-245499
-245467
-245355
-245028
-244496
-244244
-244239
-244131
-243996
-243962
-243885
-243503
-243382
-243379
-243028
-242967
-242892
-242022
-241792
-241792
-241737
-241365
-241252
-241222
-241206
-241150
-240992
-240980
-240513
-240247
-240097
-239573
-239565
-239237
-238910
-238898
-238790
-238676
-238491
-238378
-238170
-237986
-237809
-236939
-236812
-236810
-236787
-236439
-236427
-236415
-236001
-235920
-235914
-235296
-235018
-234788
-234754
-234208
-234189
-233895
-233633
-233460
-233315
-232750
-232085
-231840
-231754
-230978
-230676
-230590
-230552
-230189
-229992
-229707
-229561
-229474
-229362
-229165
-228523
-227992
-227943
-227711
-227695
-227631
-227467
-227213
-227155
-227113
-227066
-226953
-226950
-226740
-226128
-225908
-225640
-225594
-225400
-225386
-225363
-225166
-225131
-225071
-225062
-225010
-224977
-224868
-224654
-224591
-224529
-223981
-223930
-223874
-223846
-223844
-223250
-223116
-223029
-222854
-222782
-222763
-222674
-222577
-222455
-222253
-222209
-221947
-221414
-221281
-221270
-221188
-221007
-220897
-220110
-219828
-219636
-219484
-219441
-219339
-218908
-218797
-218447
-218176
-218165
-218153
-217531
-217087
-217012
-216931
-216629
-216443
-216252
-216042
-215828
-215719
-215405
-215374
-215310
-215266
-215215
-214971
-214908
-214779
-214300
-214205
-214203
-214136
-213936
-213497
-213199
-212390
-212158
-212128
-212117
-211996
-211790
-211644
-211226
-211103
-210810
-210773
-210734
-210425
-210299
-210289
-209833
-209827
-209709
-209479
-209271
-209022
-208709
-208691
-208451
-208436
-208330
-208170
-208134
-208086
-207799
-207258
-207233
-207134
-206775
-206405
-206387
-206131
-206114
-205844
-205757
-205625
-205587
-205576
-205535
-205447
-205126
-204889
-204883
-204858
-204753
-204740
-204669
-204231
-204144
-204079
-203764
-203630
-203528
-203219
-202827
-202796
-202424
-202252
-202219
-202115
-202029
-201854
-201836
-201421
-201349
-201163
-200966
-200752
-200517
-199768
-199420
-199120
-198625
-198428
-198422
-198369
-198215
-198200
-198097
-197970
-197737
-197595
-197472
-197333
-197062
-196913
-196813
-196561
-196278
-196042
-195827
-195796
-195661
-195543
-195504
-195154
-195042
-194540
-194531
-194414
-194407
-194128
-194042
-194016
-193804
-193756
-193705
-193445
-193373
-193350
-193329
-192990
-192940
-192814
-192367
-192359
-192221
-192192
-192136
-191974
-191965
-191875
-191682
-191621
-191428
-191418
-191221
-191013
-190630
-190499
-190447
-190123
-189923
-189645
-189475
-189049
-188404
-188269
-188188
-188113
-187911
-187847
-187593
-187481
-187419
-187398
-187289
-187281
-187149
-186555
-185617
-185264
-184966
-184469
-184249
-184243
-184161
-183957
-183881
-183476
-183313
-182944
-182697
-182596
-182231
-182146
-181831
-181481
-180917
-180840
-180564
-180466
-180437
-180153
-179565
-179135
-179126
-179097
-179026
-179010
-178478
-178366
-178307
-178099
-178095
-177652
-177414
-177228
-177150
-176909
-176717
-176597
-176439
-176413
-176266
-175873
-175449
-175358
-175263
-175109
-174924
-174614
-174609
-174534
-174403
-173651
-173131
-173117
-173005
-172769
-172767
-172612
-172555
-172465
-171861
-171838
-171418
-170510
-170442
-170095
-170016
-169933
-169889
-169507
-169412
-169239
-169222
-169211
-168785
-168537
-168526
-167966
-167613
-167574
-167199
-167169
-166829
-166804
-166447
-166303
-166207
-165875
-165865
-165627
-165360
-165244
-164711
-164692
-164419
-163977
-163891
-163738
-163419
-163255
-162964
-162812
-162503
-162220
-162207
-161785
-161419
-161413
-161112
-160937
-160872
-160472
-160014
-159994
-159935
-159873
-159529
-159242
-159152
-159151
-159047
-158945
-158853
-158347
-158086
-158061
-158004
-157924
-157853
-157687
-157500
-157281
-157278
-157085
-156991
-156690
-156662
-156427
-156362
-156346
-156290
-156289
-156279
-156146
-155882
-155777
-155521
-155401
-154993
-154865
-154731
-154541
-154327
-154158
-153807
-153759
-153446
-152803
-152770
-152695
-152451
-152284
-152036
-151989
-151796
-151646
-151487
-151044
-150966
-150875
-150809
-150802
-150452
-150282
-150243
-149974
-149881
-149784
-149153
-148954
-148311
-148145
-147881
-147843
-147097
-146557
-146369
-146247
-144606
-144447
-144446
-144147
-144048
-143940
-143653
-143501
-143329
-143014
-142992
-142832
-142475
-142201
-142116
-141886
-141802
-141632
-141508
-141268
-141253
-141098
-140983
-140403
-140291
-140221
-140139
-139289
-139013
-138768
-138439
-138203
-138137
-137974
-137948
-137935
-137860
-137833
-137813
-137641
-137471
-136596
-136528
-136299
-136292
-135780
-135194
-135020
-134927
-134572
-134319
-133952
-133910
-133899
-133674
-133523
-133245
-133089
-132415
-132101
-132017
-131814
-131576
-131382
-131280
-130945
-130909
-130895
-130673
-130499
-129937
-129889
-129772
-129705
-129472
-129192
-129062
-128497
-128488
-128311
-128148
-127980
-127838
-127585
-127094
-126876
-126836
-126746
-126738
-126108
-125814
-125807
-125678
-125599
-125564
-124806
-124784
-124660
-124402
-124218
-124048
-123975
-123931
-123919
-123868
-123810
-123798
-123695
-123630
-123415
-123217
-122853
-122846
-122786
-122617
-122135
-121982
-121921
-121742
-121523
-121299
-121158
-121141
-120329
-120303
-120110
-120047
-119832
-119709
-119695
-119685
-119500
-119449
-118890
-118846
-118567
-118268
-117643
-117577
-117560
-117223
-116900
-116851
-116807
-116695
-116453
-116165
-116132
-115865
-115822
-115509
-115481
-115362
-115159
-115084
-114843
-114787
-114600
-114596
-114465
-113852
-113300
-113074
-113061
-113011
-112994
-112825
-112697
-112670
-112478
-111864
-111172
-111109
-110631
-110389
-110214
-110089
-109714
-109503
-109443
-109370
-109116
-108411
-108293
-107982
-107236
-107073
-107028
-106977
-106747
-106424
-106301
-106213
-106145
-106019
-105742
-105569
-105292
-104909
-104335
-104196
-103716
-103446
-103411
-102691
-101812
-101558
-100926
-100687
-100600
-100419
-100342
-100246
-100239
-99636
-99264
-98824
-98698
-98655
-98462
-98449
-98359
-98250
-98158
-98071
-97842
-97793
-97753
-97491
-97341
-97200
-97069
-96528
-96435
-96330
-96254
-95394
-95192
-95175
-94457
-94330
-94260
-94209
-93765
-93303
-93181
-93144
-92303
-92014
-91938
-91931
-91681
-91632
-91167
-90757
-90523
-90341
-90011
-89866
-89844
-89307
-89001
-88641
-88289
-88073
-87801
-87725
-87700
-87646
-87479
-87092
-87011
-86779
-86600
-86589
-86278
-86124
-85958
-85386
-85285
-85197
-84706
-84215
-83925
-82732
-82504
-82337
-82191
-81715
-81124
-80924
-80921
-80746
-80742
-80669
-80424
-80412
-80077
-79993
-79258
-78959
-78866
-78419
-78232
-78227
-78093
-77793
-77638
-77635
-77623
-77306
-77191
-77056
-76881
-76695
-76690
-76484
-76438
-76437
-76423
-76266
-76129
-75870
-75618
-75526
-75150
-75125
-74959
-74897
-74788
-74778
-74675
-74357
-73807
-73688
-73512
-73366
-73366
-73345
-73330
-73184
-73123
-72921
-72789
-72783
-72665
-72386
-72377
-72353
-71901
-71791
-70811
-70740
-70306
-69924
-69624
-69563
-69549
-69470
-68815
-68561
-68272
-68160
-68150
-68071
-67484
-67270
-67222
-66958
-66788
-66497
-66015
-65676
-65322
-65173
-64852
-64628
-64405
-64270
-64063
-64024
-63973
-63668
-63549
-63300
-63296
-63096
-62813
-62320
-62112
-62030
-61781
-61686
-61590
-61410
-61397
-61292
-60646
-60555
-60077
-59938
-59758
-59303
-58727
-58343
-58297
-58211
-58207
-57816
-57761
-57428
-57408
-57307
-56954
-56746
-56416
-56339
-56318
-55754
-55517
-55489
-55137
-54890
-54862
-54828
-54752
-54361
-53918
-53868
-53614
-53453
-52608
-52515
-52276
-52187
-52116
-51799
-51085
-50150
-49789
-49779
-49353
-49307
-49235
-49170
-49170
-49047
-49038
-48992
-48830
-48334
-48094
-47725
-47511
-47487
-47424
-47411
-47318
-47068
-47005
-46968
-46966
-46863
-46786
-46665
-46374
-46281
-46246
-46152
-46117
-45838
-45792
-45501
-45407
-44814
-44691
-44615
-44595
-44298
-44286
-43998
-42891
-42619
-42454
-41866
-41800
-41366
-41155
-41083
-40811
-40693
-40564
-40551
-40547
-40118
-40016
-39666
-39577
-39489
-39417
-39280
-38832
-38720
-38553
-38420
-38022
-37681
-37660
-37626
-37234
-37023
-36998
-36808
-36720
-36159
-36104
-36056
-35672
-35528
-35206
-35185
-34918
-34851
-34525
-34439
-34411
-34306
-34240
-34183
-34048
-33654
-33496
-33202
-33131
-32913
-32413
-32325
-32104
-31927
-31395
-31057
-30802
-30284
-30259
-30137
-30129
-29984
-29245
-28597
-28554
-28288
-28001
-27860
-27766
-27728
-27579
-27496
-27088
-26759
-26586
-26577
-26540
-26161
-26055
-26032
-25638
-25323
-25176
-24878
-24610
-23627
-23421
-23407
-23205
-22898
-22156
-22070
-22041
-21624
-21539
-21365
-21236
-20993
-20867
-20164
-20046
-19370
-19019
-18641
-18513
-18443
-17878
-17869
-17814
-17766
-17756
-17553
-17535
-17519
-17246
-16294
-16187
-15506
-15344
-15314
-15292
-15152
-15145
-14523
-14239
-13943
-13772
-13727
-13687
-13654
-13181
-12975
-12843
-12575
-12300
-12294
-12151
-12150
-11994
-11618
-11372
-11114
-10881
-10766
-10379
-10148
-9938
-9805
-9566
-8944
-8924
-8860
-8353
-8218
-8103
-7994
-7978
-7780
-7771
-7707
-7565
-7290
-7237
-7193
-7132
-7037
-6993
-6457
-6435
-6386
-6284
-6209
-6150
-5958
-5954
-5822
-5309
-5255
-5252
-5139
-4976
-4946
-4736
-4648
-4553
-4237
-4104
-3465
-3452
-3104
-3090
-2732
-2569
-2551
-2392
-2144
-2036
-1867
-1852
-1333
-792
-492
-213
2
967
1146
1341
2084
2555
3229
3285
3606
4070
4157
4256
4498
4788
5500
5619
5698
5717
5746
5831
6013
6035
6222
7177
7741
7805
7870
8346
8483
9348
9800
10048
10154
10263
10586
10870
10989
11189
11481
11551
11602
11793
11850
11863
11912
12270
12712
12733
12762
13050
13354
13432
13610
13874
14222
14805
15583
15613
15647
16266
16318
16341
16612
17048
17618
17641
17647
17716
17856
18063
18353
18393
18512
19094
19143
20193
20565
20613
20933
21458
21821
21874
22265
22277
22644
22779
23039
23125
23369
23401
23643
23743
24023
24078
24086
24270
24273
24400
24455
24459
24813
24836
24991
25003
25457
25532
25723
25730
25845
25853
26146
26654
26675
26901
26954
27041
27181
27680
27852
27888
27894
28157
28847
29082
29090
29340
29526
29610
29667
29819
29953
29970
30121
30269
30424
30806
30975
31062
31650
31934
32334
32362
32398
32419
32652
32696
32758
32765
32780
32968
33048
33357
33436
33750
33960
34463
34482
34580
35197
35257
35323
35714
35766
36373
36376
36401
36547
36728
36741
36841
36967
37109
37181
37526
38070
38223
38580
38724
38752
38827
39670
39765
40418
40418
40931
41022
41028
41079
41386
41445
41507
41532
42037
42133
42259
42533
43107
43148
43295
43459
43502
43620
43920
43945
44065
44820
44998
45043
45199
46140
46167
46174
46364
46644
46708
46804
46996
47061
47349
47369
47513
47762
48238
48289
48344
48679
48738
48776
48934
49162
49226
49353
49363
49425
49604
49832
49869
49961
50149
50240
50920
51003
51073
51277
51366
51615
51676
51890
52025
52363
52665
52676
52799
52829
52847
53073
53218
53653
53902
53978
54650
54987
55270
55350
55563
55626
55867
55873
55889
55921
56020
56050
56216
56273
56536
56681
56881
56964
56965
57192
57250
57258
57444
57631
58116
58348
58727
59057
59066
59227
59391
59414
59681
60280
60378
60513
60805
60906
61035
61068
61115
61128
61160
61203
61281
61481
61619
61691
62030
62175
62249
62345
62491
62687
63154
63436
63893
63959
64005
64025
64048
64057
64245
64330
64402
64596
64672
64714
64716
64730
64790
64867
64871
65299
65830
66026
66379
66393
67244
67335
67547
67941
68107
68316
68326
68339
68563
68677
68702
68723
69019
69119
69333
69342
69521
69712
70126
70308
70666
70736
70907
71135
71173
71181
71286
72160
72270
72289
72649
72823
72847
72892
73376
74106
74352
74355
74877
74905
75216
75562
75718
75929
76079
76359
76394
76505
76804
76868
77331
77512
77645
77799
77972
77980
78231
79112
79410
79921
79953
80084
80350
81020
81130
82321
82344
82455
82573
82692
82713
82922
83376
83420
83783
83791
83930
84367
84609
84828
85682
85761
85937
86227
86395
86428
86761
86980
87112
87289
87554
87869
88005
88043
88229
88312
88349
88430
88767
89018
89129
89201
89223
89447
89674
89680
90218
90693
91194
91285
91304
91425
91496
91644
91724
91911
91968
92538
92765
92984
93151
93219
93358
93363
93367
93799
94020
94347
94373
94492
95769
96324
96540
96732
97410
97426
97617
97752
98150
98304
98526
98737
98825
98923
99098
99310
99509
99882
100745
100750
101324
101387
101503
101521
101686
101859
101983
102095
102199
102213
102369
102814
104049
104137
104256
104367
104420
104739
104981
105186
105264
105279
105339
105531
105629
105863
105873
105934
105948
106051
106280
106422
106477
106562
106674
106851
107022
107155
107342
107343
107787
107788
108225
108739
108784
108899
108946
109052
109080
109080
109110
109269
109379
109707
110100
110111
110332
110443
110792
111296
111299
111505
111549
111585
111669
111974
112195
112584
112648
112698
113134
113624
113638
113781
113841
114037
114135
114233
114769
114861
115163
115616
115622
115927
115939
116161
116726
117095
117174
117248
117285
117603
117609
117852
117978
118212
118227
118593
118651
118774
119075
119271
119548
119997
119998
120100
120386
120696
120711
120844
121110
121135
121187
121416
121444
121489
121795
121867
121906
122289
122351
122527
122556
122633
122924
122973
123128
123447
123527
123826
124113
124474
124677
124716
124727
124963
125043
125355
125588
125928
126588
127005
127024
127163
127165
127187
127417
127509
127826
128010
128234
128252
128263
128265
128302
128464
128527
128646
128671
128879
128887
128920
128986
129101
129197
129789
130529
130668
131874
131933
132332
132636
132765
133080
133641
133685
133784
134231
134371
134498
134514
134529
134726
134989
135132
135216
135433
135490
135644
135763
135852
136340
136367
137374
137702
137883
137911
138327
138449
138493
138744
139041
139223
139235
139329
139674
139807
140764
140767
141642
141770
142079
142097
142264
142277
142453
142938
143109
143112
144046
144263
144577
144664
144705
144764
144824
144979
145415
145756
145932
146217
146624
146695
146899
147065
147214
147851
148316
148577
148585
148706
149190
149342
149357
149534
149893
149935
149967
150033
150262
150361
150683
150901
150976
151071
151229
151382
151404
151591
151640
151804
151958
152675
152945
153258
153354
153771
154039
154048
154201
154621
154716
155302
155793
155798
155889
156163
156188
156221
156235
156357
156417
156477
156580
157060
157574
157608
158080
158107
158364
158523
158815
159312
159480
159821
160097
160339
161066
161365
161461
161724
162586
162809
162905
162942
163421
163528
164376
164855
164936
165046
165103
165343
165442
165655
165742
166730
166779
166855
166983
167039
167339
167450
167576
167595
167769
168006
169003
169115
169609
169824
169896
169944
170239
170325
170330
170554
170679
170780
171143
171380
171639
171672
172006
172109
172318
172441
172651
172988
172993
173142
173144
173154
173404
173491
173566
173915
173984
174147
174218
174330
174338
174535
174721
175094
175170
175284
175371
175565
175584
175628
175840
176356
176455
176783
176846
176923
177058
177146
177241
177253
177392
177397
177651
177671
177729
177925
177952
178327
178386
178654
178666
178857
179397
179621
180153
180320
180411
180628
180843
180897
181314
181408
181506
181713
181809
182597
182844
182848
182867
183056
183080
183770
183858
184439
184814
185636
186244
186278
186327
186694
186720
186910
186936
187172
188109
188211
188564
188596
188838
189013
189069
189134
189146
189301
189317
189394
189431
189758
189814
189850
190437
190527
190757
190818
191029
191035
191601
191604
191927
192108
192412
192647
192688
193125
193446
193661
193674
193730
193761
194643
194668
194745
194947
195105
195333
195429
195642
195688
195748
195801
196219
196586
196829
196970
197125
197608
197920
198034
198172
198592
198684
198964
199081
199278
199953
200176
200598
200748
201642
201827
202035
202289
202465
202903
203949
203996
204005
204127
204433
204706
205264
205827
205892
206084
206096
206110
206402
207012
207245
207827
208068
208322
208774
209509
209690
209979
210002
210037
210480
210798
210860
210871
210912
211005
211025
211248
211944
212170
212403
212527
212632
213377
213539
213722
214013
214267
214507
215026
215074
215110
215123
215305
215545
215618
215843
215859
215948
216255
216301
216406
216677
216767
216824
216844
216916
217145
217150
217263
217294
217354
217392
217509
217602
217750
218144
218529
218825
218975
219227
219453
219696
219751
220062
220473
220564
220798
221057
221220
221222
221384
221732
222038
222523
223178
223317
223410
223517
223551
223986
224000
224099
224233
224545
224722
224735
225447
225695
225784
225843
225868
226078
226108
226116
226177
226569
227033
227164
227606
227695
227719
227994
228348
228406
228417
228592
228625
228662
228800
228962
229019
229632
229672
229718
229841
230312
230404
230687
230696
230817
231053
231061
231417
231489
231583
232084
232317
232430
232495
232706
233235
233715
234019
234022
234116
234123
234611
235233
235403
236007
236185
236257
236371
236468
236560
236818
236911
236991
237366
237449
237768
237797
238164
238515
239092
239435
239454
239478
239574
239742
239818
240128
240596
240604
240783
240940
241037
241236
241251
241393
241871
241915
242223
242260
242316
242359
242421
242471
242796
243213
243540
243798
243800
243831
244056
244390
244453
244477
244518
244617
244737
245064
245348
245611
245760
246279
246364
246368
246802
247385
247433
247641
247849
248443
248472
249209
249251
249270
249272
249611
249639
249890
249896
250099
250319
250713
250779
250817
250871
251179
251209
251596
251609
251905
251918
252228
252347
252356
252380
252428
252493
252540
252676
253000
253439
254401
255054
255218
255235
255324
255397
255848
256343
256431
256521
256611
256659
256963
258406
258551
259094
259379
259567
259826
260432
260694
261052
261070
261171
261386
261394
261415
261511
261596
261604
261861
261984
262026
262451
262655
263151
263202
263420
263756
263891
264142
264163
264428
264684
264833
264900
265044
265336
265410
265446
265615
265760
265778
266140
266365
266408
266489
266679
267584
267708
267819
267838
268056
268171
268444
268604
268622
268768
269012
269188
269629
270000
270213
270562
270784
270948
271179
271391
271430
271578
271642
271857
271897
272094
272247
272375
272432
272608
273129
273244
273628
273924
274031
274035
274479
274651
274756
274890
274955
274981
275111
275140
275163
275343
275374
275420
275543
276008
276157
276207
276398
276620
276697
276956
277149
277213
277316
277402
277483
277653
277724
277911
277917
277999
278369
278602
278821
278873
279023
279370
279519
279742
280001
280146
280223
280295
280414
280439
280466
280662
280728
280973
280984
281114
281215
281274
281520
281547
281595
281673
281750
281791
281867
282030
282258
282819
283039
283103
283165
283290
283297
283536
284408
284436
284667
284930
285381
285744
285873
286034
286216
286286
286549
287205
287250
287306
287536
287575
287683
287946
288177
288222
288253
288433
288520
288545
288761
288857
288959
289071
289280
289746
289775
289840
290363
291000
291131
291532
291997
292456
292533
293187
293337
294056
294387
294509
294800
294825
294967
295784
296038
296151
296185
296221
296467
296867
296884
297296
297332
298066
298126
298234
298246
298338
298481
298485
298535
299175
299392
299625
299638
299868
300437
300585
300915
300994
301264
301363
301367
301548
301787
301869
301970
302394
302617
302653
302961
303556
303748
303763
304213
304372
304500
304636
304645
304666
304942
304953
305082
305095
305156
305196
305215
305305
305517
305559
305592
305688
305877
305998
306044
306078
306298
306441
306784
306921
306983
307108
307773
307910
308007
308216
308441
308609
308920
309462
309565
309726
309761
310178
310620
310974
311006
311098
311237
311657
314175
314333
314457
314470
314553
314565
314759
314957
315231
315232
315329
315434
315551
315745
315838
316056
316216
316355
316807
316939
317016
317143
317291
317834
317961
318046
318989
319070
319167
319211
319540
319771
319779
319847
319982
320064
320075
320172
320218
320232
320412
320443
320648
320669
321126
321384
321481
321803
321897
321937
322063
322149
322335
322446
322612
322812
322904
323147
323421
323715
323938
324120
324362
324461
324549
324574
324647
324746
325295
325343
325413
325617
326168
326221
326429
326644
326695
326753
326848
327262
328119
328499
328686
328957
329173
329449
329459
329491
329601
329671
329699
329836
329845
329937
330363
330638
330713
330782
331338
331370
331706
331811
331964
331998
332279
332482
332489
332518
332876
333155
333157
333260
334041
334517
334634
334674
334976
335165
335186
335491
336145
336239
336369
336387
336413
336425
336684
336791
336954
337175
337609
337957
338349
339248
339655
339825
339907
339911
340264
340584
341126
341141
341142
342027
342203
342552
342763
342937
342947
343272
343711
343716
343797
343916
343960
344295
344337
344436
344641
344780
344781
344879
345353
345424
345821
345929
346039
346179
346386
346387
346627
346839
347174
347241
347565
347729
347920
348139
348291
348314
348386
348862
349313
349355
349470
349511
349602
349642
349694
350135
350387
350590
350613
351121
351172
351247
351371
351869
352098
352125
352188
352224
352476
352552
352610
352696
352916
353124
353193
353213
353486
354207
354283
354292
354487
355243
355323
355457
355756
356766
357166
357365
357461
357511
357514
357633
358072
358457
358460
358566
358593
358902
359538
359898
360051
360154
360173
360527
361050
361247
361497
361564
361639
361651
361843
361917
362036
362218
362453
362454
362922
363114
363331
363625
363626
363637
363736
363737
363752
363770
364226
364229
364238
364541
365036
365192
365337
365613
365637
366077
366211
366310
366546
366839
366918
367003
367049
367057
367448
367559
367747
367806
367818
368144
368301
368398
369058
369165
369410
369583
369667
369698
369735
369849
370304
370684
370838
371125
371148
371174
371217
371245
371260
371626
371715
372199
372219
372324
372441
372481
372484
372499
372533
372629
372923
373552
374381
374700
374780
374911
375165
375464
375582
376375
376692
376954
376991
377362
377782
377794
378082
378204
378324
378387
378452
379480
379608
379611
379727
379816
379886
380080
380214
380240
380604
381444
381742
381870
381901
382290
382697
382882
383056
383674
383754
383868
383903
384146
384330
384376
384381
384506
384646
384689
384749
384864
384867
384907
385005
385127
385210
385323
385379
385664
385695
386079
386186
386470
386754
386903
386919
386929
386982
387035
387039
387287
387716
387794
387805
388034
388302
388750
389018
389056
389409
389625
389842
390183
390230
390442
390742
390896
391028
391170
391224
391254
391259
391304
391552
391938
392047
393257
393340
393405
393504
393510
394113
394136
394425
394899
395281
395447
395807
395876
396031
396511
396605
396696
396819
396991
397449
397553
397576
398015
398284
398431
398438
398691
398758
398818
398922
399429
399628
399891
399991
400326
400973
401273
401310
401434
401453
401539
401745
401956
402016
402040
402243
402395
402520
402525
402526
402672
402759
402908
402919
403086
403089
403255
403607
404273
404345
404479
404615
404772
404858
405374
405604
405894
406003
406123
406234
406554
406766
406861
407306
407388
407547
407629
407640
407790
407919
408042
408177
408366
408497
408955
409706
409790
410258
410263
410470
410549
410595
410821
410846
410948
411022
411035
411182
411187
411215
411450
411787
411802
411875
412001
412031
412110
412117
412374
412418
413377
413621
414055
414113
414230
414643
414844
414946
414976
415045
415315
415399
415418
415501
415529
415979
416241
416351
416532
416534
416818
416880
417512
417589
417876
418109
418156
418229
418326
418411
418489
418683
418885
419051
419051
419394
419713
419863
419905
420517
420583
421251
421587
421600
421864
421910
421924
422150
422354
422399
422608
422718
423485
424232
424377
424378
424634
424937
424940
425319
425644
425992
426011
426487
426964
427214
427256
427444
428146
428149
428152
428916
429021
429170
429405
429511
429542
429781
429812
430099
430332
430349
430478
430579
430706
430754
431308
431433
431604
431659
432036
432298
432334
432679
432701
433213
433519
433594
433604
433667
433786
434291
434316
434382
434544
434592
435101
435105
435129
435162
435196
435221
435227
435573
435589
435831
435869
436375
436479
436695
437002
437807
437951
438148
438233
438424
438625
439140
439281
439324
439568
440086
440524
440594
440686
440789
440844
440865
440892
440950
441011
441017
441398
441401
441555
441768
441844
441904
441945
441946
441994
442307
442382
442607
442731
442845
443258
443272
443357
443362
443784
443905
444077
444184
444295
444482
444522
444537
444816
444970
444997
445050
445114
445535
445591
445832
445900
446234
446344
446440
446718
447013
447057
447225
447418
447477
447830
447947
448012
448179
448402
448737
449164
449300
449312
449804
449932
450257
450613
450695
450870
450922
450989
451790
451909
452759
452799
453397
453515
453830
453931
454168
454477
454546
454847
455129
455142
455324
455350
455692
455851
456193
456276
456516
456561
457074
457301
457363
457644
458387
458564
458573
458634
458864
459076
459129
459140
459352
459411
460054
460099
460147
460381
460624
460711
460772
460779
460816
461559
461562
461602
461612
461773
462025
462320
463075
463188
463257
463429
463472
463675
463910
463915
464176
464396
464459
464519
464900
465287
465448
465561
465662
465953
466231
466355
466362
466519
466637
467691
467779
467892
468148
468569
468586
468729
468741
468757
469031
469208
469211
469338
469483
469560
469885
469981
470769
471492
471767
471822
472421
472927
473339
474074
474307
474340
474467
474536
474587
474744
475016
475117
475425
475454
475525
475829
475961
476040
476067
476268
476275
476288
476304
476487
476648
476812
476917
477229
477231
477327
477647
477700
477808
477858
478058
478259
478268
478450
478730
479161
479218
479383
479599
480076
480177
480480
480960
481161
481180
481230
481563
481708
482282
482338
482632
482850
482857
483104
483129
483134
483236
483316
483439
484013
484115
484242
484974
485097
485272
485327
485385
485792
486039
486046
486116
486475
486576
486752
486804
486973
487291
487395
487893
488375
488556
488710
488922
490230
490250
490716
490877
491075
491169
491248
491849
492434
492761
492878
493027
493153
493258
493797
493819
494663
494817
494825
495034
495307
495431
495473
495558
495966
496129
496220
496288
496410
496752
497008
497306
497341
497435
497466
497468
497574
497643
497913
497993
498073
498074
498094
498195
498225
498329
498528
499018
499232
499468
499850
499942
500236
500438
500604
500785
500894
501206
501396
501685
501893
502071
502391
502673
502749
503106
503729
503745
503846
504168
504442
504453
504479
504733
504850
504885
505159
505161
505553
505572
505630
505719
505832
505939
505997
506210
506368
506478
506896
507142
507312
507461
508010
508013
508283
509040
509077
509104
509119
509137
509149
509257
509269
509510
509622
509706
509720
509747
509748
510796
511031
511223
511471
511505
511658
511808
511846
511886
512280
512347
512534
512808
513103
513184
513474
513502
513613
513666
514027
514041
514360
514790
514861
514965
515025
515179
515717
515867
516269
516328
516392
516425
516734
516748
516778
517353
517388
517498
517851
518503
518546
518614
518958
519016
519203
520001
520435
520662
520806
520829
520885
521316
521354
521501
521944
522645
522694
522837
522970
523092
523270
523349
523547
523869
523961
524001
524338
524597
524754
524958
525240
525269
525679
525701
525708
525797
525798
525881
525990
526305
527141
527337
527646
527817
527887
528316
528413
528634
528658
529206
529238
529536
529772
530023
530296
530378
530720
530721
530814
530850
531026
531271
531543
531633
531659
532084
532257
532324
532391
532489
532552
532601
532670
533019
533278
533419
533493
533737
533869
534073
534320
534741
535199
535360
535549
535597
536014
536019
536025
536433
536478
536867
536900
536939
537069
537268
537383
537515
537562
537844
538533
538537
538851
538941
539066
539675
539686
539984
540074
540124
540415
540451
540592
541247
541455
541595
541610
541751
541992
542324
542385
542880
542983
543198
543603
543656
543877
543906
543939
544148
544230
544237
544357
544359
544669
544769
545038
545077
545141
545541
545566
545679
545697
545815
545849
546006
546074
546108
546277
546443
546825
547225
547363
547643
547739
548033
548076
548133
548213
548264
548719
548920
549236
549414
549711
549720
549823
550309
550494
550612
550929
551102
551471
551590
551765
551858
552297
552342
552370
552438
552572
552587
552602
553732
553790
553962
554025
554239
554618
554858
555108
555110
555161
555309
555555
556280
556543
557150
557234
557583
557600
558077
558102
558113
558233
558370
558879
559079
559108
559272
559456
559510
560399
560632
560733
560871
560966
561215
561257
561343
561499
561685
561736
562251
562381
562665
562760
562902
562907
563380
563389
563406
563423
563545
564233
564235
564298
564576
564682
565154
565295
565327
565543
565607
566058
566632
566808
566886
567273
567560
567872
567925
568362
568372
568440
568973
569283
569346
569957
569979
570211
570374
570554
570763
571057
571395
571631
571702
571750
571827
571980
572187
572480
572765
572851
573097
573621
573861
574003
574265
574277
574516
574623
574698
574871
575129
575151
575189
575244
575376
575572
575843
575884
576066
576969
577460
577546
577907
578146
578726
579111
579192
579455
579463
579537
579584
579974
580134
580151
580339
580625
580634
580663
580695
580789
580817
581341
581389
581561
581583
581593
581699
582151
582326
582543
582569
583196
583246
583414
583443
583738
583854
584491
584735
584759
584942
585163
585178
585303
585514
585743
586762
587372
587919
588006
588089
588176
588239
588247
588507
588517
588602
588646
588883
589031
589346
589430
589872
590265
590680
590821
591077
591141
591236
591461
591499
591691
591839
591899
592953
593853
594580
594853
595077
595084
595181
595244
595486
597179
597541
597749
597977
598068
598165
599217
599257
599266
599412
599575
599594
599803
600168
600205
600413
600482
600911
601141
601157
601981
602130
602468
602477
603093
603194
603283
603614
603704
603788
603995
604113
604314
604652
604678
604919
605139
605594
605634
605958
605983
606287
606309
606565
606733
607043
607169
607288
607319
607408
607518
607561
607813
607818
607957
608097
608323
608593
608876
608926
609705
609706
609752
610116
610337
610455
610552
611253
611446
611482
611675
612252
612266
613064
613369
614124
614128
614172
614204
615656
615775
616526
617403
617524
617648
618342
618539
618551
618677
619106
619221
619230
619663
619718
619836
620029
620353
620576
620674
620776
620842
620891
621052
621223
621346
621574
622434
622631
622666
622993
623160
623284
623348
623501
623578
623687
623945
624214
624249
624315
624376
624398
624566
625353
625643
625657
625660
625742
625754
626034
626048
626511
626511
626593
626872
626914
627837
627859
628466
628623
628956
628988
629249
629314
629550
629673
629792
630161
630319
630389
630620
630761
631412
631491
631543
631572
631752
631768
631911
631947
632303
632331
632406
632535
632653
632805
632829
632856
632961
633092
633182
633209
633300
633563
633653
634010
634037
634266
634610
634749
634942
634955
635898
635941
636207
636228
636468
636994
637072
637179
637210
637494
637878
638516
638752
638934
638985
639121
639131
639357
639375
639652
639911
640309
640563
640856
640863
641062
641467
641727
641940
642077
642363
642619
642810
642858
642887
642953
643030
643734
644215
644803
644971
645593
646106
646123
646294
646432
646707
646763
646790
646964
647128
647749
647806
647867
647992
648248
648624
649034
649357
649600
649670
649822
650143
650180
650214
650301
650309
650348
650615
651250
651457
651781
651805
651859
651971
652158
652415
652421
652603
652670
652671
652951
653103
653287
653676
653802
654000
654205
654384
654390
654391
654536
654639
655272
655320
655492
655735
656068
656114
656337
656394
656465
656507
656905
657044
657092
657289
657425
657433
657812
657819
658219
658302
658439
658884
659039
659066
659637
659771
659899
660057
660064
660284
660435
661052
661088
661296
661393
661506
661901
661977
662058
662059
662139
662161
662238
662262
662323
662414
662595
662779
662990
663009
663137
663335
663557
663746
664065
664086
664748
665162
665393
665406
665783
666240
666539
666653
666719
667319
667698
667721
667816
667868
668068
668363
668841
668872
668896
669094
669404
669804
670018
670033
670067
670208
670620
670874
671174
671175
671178
671320
671675
671820
672186
672442
672711
672864
673226
673400
673416
673440
673660
673812
673849
673892
674123
674248
674472
674490
674551
674607
675436
675557
675668
675855
675933
675961
676072
676652
676654
676670
676758
676775
677223
677235
677498
677526
677548
677851
678142
678229
678295
678507
678514
678704
678774
678779
679003
679043
679162
679448
679649
679725
680039
680168
680715
680977
681032
681201
681358
681448
681761
682070
682117
682861
682953
683514
683564
683577
683821
684490
684550
684979
685050
685108
685270
685351
685478
685512
685518
685525
685576
685638
685757
685794
685958
686046
686093
686313
686395
686571
686605
686630
686779
686851
686971
687078
687216
687233
687334
687395
687754
687820
688381
688978
689001
689259
689424
689526
689888
689922
690007
690239
690745
690856
690953
690967
691337
691618
691743
691946
691956
692019
692241
692427
692599
692634
692917
692993
693224
693488
693813
693833
693848
693873
693968
694039
694175
694283
694336
694398
694495
694548
694638
694836
695081
695169
695351
695672
695806
695905
696018
696358
696447
696455
696696
697270
697395
697426
697472
697710
698070
698204
698211
698232
698308
698318
698386
699320
699618
699711
699899
699975
700076
700103
700165
700209
700344
700476
700577
700627
700789
700799
701149
701668
701826
701907
702248
702468
702891
703112
703901
704125
704170
704417
704635
704664
704787
704796
705056
705510
705693
705896
705934
705985
706438
706732
707031
707075
707255
708390
708390
708450
708705
708767
708859
708865
709336
709787
709828
709932
709941
710162
710466
711231
711323
711790
712200
712795
713170
713363
713465
713623
713896
714276
714447
714489
714562
714731
714772
715027
715244
715333
715734
715892
715976
716052
716318
716363
716410
716660
716706
717144
717228
717422
717453
717796
718039
718164
718224
718296
718322
718853
719064
719064
719083
719723
719756
719850
719890
720031
720040
720296
720619
720788
721061
721718
721813
721838
721893
721962
722127
722289
722308
722552
722784
722907
723168
723189
723294
723458
723718
723723
724076
724499
724545
724664
724744
724747
724871
724912
725991
726295
726484
726505
726541
726606
726614
726958
727143
727194
727663
727701
727722
727749
727973
727993
728161
728337
728361
728373
728567
728654
728717
728774
728999
729141
729692
729852
730190
730206
730503
731098
731175
731346
731430
731603
731728
732089
732241
732593
732880
732927
733369
733649
734190
734355
734602
734692
734878
735004
735329
735356
735881
735910
736089
736136
737143
737343
737741
738055
738227
738779
738913
738986
738987
739073
739137
739651
739842
740531
740559
740885
740928
741785
741910
742076
742496
743055
743176
743702
743929
744247
744368
744615
744709
744937
745106
745207
745208
745238
745328
745513
745523
745557
745798
745827
745924
745928
745938
745991
746531
746686
746927
747024
747109
748020
748104
748354
748738
748907
748943
749769
749945
749991
750225
750742
751040
751111
751232
751440
751596
752093
752231
752334
752468
752876
753678
753682
753889
753987
754170
754203
754231
754266
754415
754466
754527
754541
754993
755086
755642
755709
756271
756461
756531
756705
756732
757499
757714
757731
757765
757781
757933
758839
758990
759058
759144
759175
759258
759484
759490
759772
759988
760041
760107
760207
760511
760893
761230
761354
761468
761589
762129
762379
762436
762716
762760
763262
763477
763662
763892
764061
764181
764288
765012
765592
765642
765899
766053
766386
766430
766453
766967
767039
767298
767324
767484
767632
767830
769021
769475
769518
769548
769594
770107
770140
770420
770519
770533
770729
770764
771038
771209
771351
771543
771602
772130
772195
772873
772954
773355
773933
773955
774006
774031
774199
774395
774587
774733
774764
775051
775385
775587
775933
776160
776233
776398
776603
776693
776783
776806
776876
777077
777238
777294
777391
777410
777720
777824
778335
778339
778400
778521
778596
778614
778643
778700
779067
779160
779192
779339
779637
779705
780248
780293
780553
780906
780986
781113
781312
781523
781882
782133
782236
782351
782452
782454
782561
782729
782920
783020
783320
783867
783937
784047
784237
784975
785103
785112
785261
785306
785857
785961
786155
786324
786723
786747
786867
787238
787472
787520
787528
787533
787573
787967
788006
788470
789185
789260
789375
789798
790087
790316
790373
790580
790784
791046
791345
791357
791968
792088
792347
792378
792380
793227
793257
793482
793662
793886
793894
794012
794633
795053
795164
795334
795845
795956
796225
796329
796379
796433
796838
796967
797001
797012
797088
797130
797503
798100
798112
798187
798466
798531
798545
799041
799072
799444
800176
800696
800715
801153
801719
801742
802071
802186
802234
802429
802558
802828
802914
803869
804020
804443
804501
804577
804847
805092
805162
805169
805347
805490
805824
806254
806296
806336
806375
806393
806568
806822
807542
807700
808086
808788
809130
809154
809237
809783
809818
809867
809987
810574
810612
810956
811471
811608
811684
811756
811790
811878
812005
812012
812322
812471
813048
813111
813258
813389
813655
813886
814002
814267
814890
816020
816570
816799
817167
817467
817973
818119
818227
818318
818320
818320
818379
819044
819380
819418
819463
819583
819672
819836
820003
820035
820288
820306
820453
820529
820722
820805
820824
820995
821275
821545
821739
821910
821983
822110
822378
822518
822839
822929
823063
823567
823577
823796
823985
824177
824550
824758
824763
824770
825344
825468
825859
825983
826313
826343
826344
826461
826599
826720
827049
827224
827578
827705
827834
827902
828798
828940
828976
828980
829012
829040
829143
829148
829571
829819
829866
830107
830197
830497
830702
830954
831054
831068
831190
831339
831515
831572
831628
831668
831677
831705
831984
832123
832176
832232
832311
832332
832628
833011
833375
833569
833665
833672
833827
834023
834248
834467
834639
834729
834987
835068
835124
835446
835740
835763
836096
836154
836322
836438
836669
836993
837568
837707
837792
837859
837953
838019
838155
838426
838709
838957
839031
839614
839655
839839
840158
840593
840656
840723
841073
841881
841960
842574
842592
842696
842752
842814
842952
843128
843393
843665
843699
843796
843800
844366
844557
844647
844714
844812
845365
845431
845945
845984
846595
846902
847281
847459
847718
848012
848034
848380
848383
848689
849086
849565
849572
849733
849764
849905
850707
850781
851001
851162
851287
851393
851429
851663
851874
851890
851995
852249
852294
852712
852714
852848
853007
853291
853549
853650
853852
854249
854680
855047
855194
855222
855226
855325
855363
855401
856066
856308
856440
856582
856713
857068
857223
857255
857368
857578
857580
857687
857851
857860
857904
857942
858160
858265
858483
858868
858908
858959
859097
859236
859237
859359
860207
860312
860420
860880
860953
861341
861987
862137
862561
862990
863478
863522
863935
864131
864420
864420
864474
865573
865596
865685
865807
865891
865966
866154
866366
866427
866492
866634
866751
866838
867004
867075
867507
867953
868042
868110
868354
868426
868489
868761
868819
869144
869232
869338
869370
869477
869554
869878
870192
870222
870235
870942
871014
871478
871862
871866
871935
872019
872201
872410
872596
872938
873145
873450
873495
873501
873793
873828
874118
874578
874671
874979
875005
875274
875402
875443
875635
875682
875874
875918
876116
876404
876438
876607
877029
877363
877738
878471
878569
878695
878727
878851
878889
879237
879761
879940
879991
880010
880145
880179
880585
880603
880954
881132
881183
881336
881429
881795
881818
881908
881988
881992
882788
882808
882979
883480
883592
883665
883955
884027
884108
884120
884130
884158
884475
884802
884844
884866
884994
885022
885084
885134
885166
885169
885172
885189
885225
885469
885630
885698
886191
886269
886287
886581
886709
886814
886850
886940
887085
887174
887418
887565
887573
887890
888020
888121
888425
888437
888535
888740
888795
889439
889495
889511
889955
889994
890105
890364
890839
891066
891226
891557
892223
892240
892253
892483
893282
893303
893556
894001
894036
894192
894330
894339
894397
894468
895254
895420
895589
895962
895966
896210
896368
896509
896961
897316
897325
897604
897702
897831
897859
898095
898322
898463
898798
898914
899227
899454
899597
899889
900248
900551
900859
901225
901268
901357
901739
901747
901890
902101
902279
902297
902632
902923
903832
904131
904218
904234
904369
904428
904597
904819
905014
905176
905224
905536
906033
906571
906759
907189
907193
907257
907310
907496
907643
907650
908062
908106
908142
908378
908585
908723
908730
908751
908787
909474
909675
909880
909887
909902
910317
910324
910692
910809
910910
911005
911235
911499
912176
912585
912736
913019
913122
913258
913322
913331
913591
914277
914325
914663
914849
915320
915453
915852
915885
915913
916347
916579
916912
917044
917228
917329
917733
918036
918134
918397
918414
918484
918660
918826
918879
919575
919709
919739
919796
920442
920483
920771
921085
921102
921985
922005
922108
922124
922232
922303
923533
923604
923810
924190
924376
924697
924911
925093
925346
925557
925608
925620
925712
925985
926235
927496
927502
927768
927954
928322
928451
928501
928511
928606
928623
928889
928935
929107
929409
929413
929591
929670
929857
929870
929992
930080
930226
930683
930933
930953
930985
931115
931393
931413
931855
932432
932438
933428
933459
933466
933865
933903
934052
934065
934144
934237
934434
934486
934674
934731
934940
934943
935073
935455
935457
935529
935606
936034
936880
936988
937062
937372
937606
937733
938136
938514
938726
939042
939386
939407
939420
939633
939749
940287
941468
942324
942367
942969
943123
943545
943632
943726
943753
943770
944336
944486
944578
944767
944959
945000
945367
945582
945700
945748
945873
945924
945974
946148
946612
946957
946986
947425
947704
947722
947768
947788
948245
948317
948325
948464
948687
948720
948726
949140
949312
949527
949647
949875
949882
950347
950484
950550
950925
951760
951843
951848
952019
952307
952480
952524
952579
952681
953193
953354
953558
953692
953769
953958
954012
954237
954263
954685
954806
955094
955140
955489
955646
955729
955910
956049
956418
956602
956625
956891
957182
957188
957433
957590
957657
958482
958505
958573
958833
958962
959373
959881
960014
960598
960714
961119
961717
961747
961908
961969
961980
962387
963091
963126
963242
963340
963542
963821
963939
964115
964243
964750
964779
964811
964895
965061
965465
965544
965940
966156
966157
966163
966166
966832
967101
967427
967570
967777
967787
968070
968457
968569
968690
968979
969053
969288
969450
969481
969765
970159
971086
971162
971373
971417
972166
972369
972496
972847
972962
973220
974024
974209
974572
974598
974627
974630
974774
975211
975237
975415
975667
975943
975998
976081
976340
976475
976695
976745
976787
977027
977246
977558
977836
977943
978078
978297
978304
978505
978736
979087
979448
979472
979749
979837
979974
979988
980402
980446
980449
980668
980669
980919
981252
981399
981775
982086
982221
982281
982663
982677
982728
982793
983027
983184
983196
983312
983484
983730
983869
984003
984100
984759
984818
984911
984958
985033
985091
985339
985398
985910
986366
986797
986948
986989
987323
987543
987846
988088
988102
988134
988474
988534
988659
988692
988702
988780
988973
989161
989223
989310
989340
989549
989785
990064
990093
990136
990364
990375
990387
990661
990741
990832
990988
991054
991067
991667
992150
992384
992795
992802
992949
993267
993292
993534
993536
993677
993799
994112
994152
994403
994606
994668
995031
995054
995578
995897
995929
996289
996666
996722
996807
996948
997066
997129
997263
997327
997545
998015
998051
998149
998916
998923
999029
999051
999363
